0 0.5018
1 0.501316
2 0.500962
3 0.500732
4 0.500588
5 0.500539
6 0.500351
7 0.500282
8 0.500101
9 0.500019
10 0.499977
11 0.499947
12 0.499908
13 0.49986
14 0.499835
15 0.499819
16 0.499806
17 0.499793
18 0.49978
19 0.499768
20 0.499766
21 0.499751
22 0.499734
23 0.499712
24 0.4997
25 0.49969
26 0.499674
27 0.499659
28 0.499643
29 0.499628
30 0.499615
31 0.499599
32 0.499591
33 0.499575
34 0.499554
35 0.499554
36 0.499558
37 0.499536
38 0.499508
39 0.499486
40 0.499462
41 0.49944
42 0.499427
43 0.499419
44 0.499403
45 0.499382
46 0.499353
47 0.499337
48 0.499315
49 0.499294
50 0.499281
51 0.499256
52 0.499234
53 0.499214
54 0.499193
55 0.499174
56 0.499158
57 0.49913
58 0.499127
59 0.499086
60 0.499057
61 0.499033
62 0.49901
63 0.498983
64 0.498958
65 0.498931
66 0.498904
67 0.498881
68 0.498865
69 0.498827
70 0.498792
71 0.498774
72 0.498745
73 0.498705
74 0.498672
75 0.498635
76 0.4986
77 0.498565
78 0.49853
79 0.498493
80 0.498456
81 0.498417
82 0.498379
83 0.498347
84 0.498313
85 0.498257
86 0.498219
87 0.498174
88 0.498139
89 0.498086
90 0.498048
91 0.497983
92 0.497943
93 0.497903
94 0.497846
95 0.497773
96 0.497717
97 0.497655
98 0.497591
99 0.497532
100 0.497488
101 0.497414
102 0.497335
103 0.497263
104 0.497184
105 0.497109
106 0.497032
107 0.496954
108 0.496871
109 0.496786
110 0.496699
111 0.496611
112 0.496522
113 0.496426
114 0.496321
115 0.496218
116 0.496113
117 0.496002
118 0.495888
119 0.49577
120 0.495648
121 0.495528
122 0.4954
123 0.495276
124 0.495119
125 0.494973
126 0.494819
127 0.494663
128 0.494507
129 0.494359
130 0.494171
131 0.494008
132 0.49381
133 0.493609
134 0.493395
135 0.493196
136 0.492974
137 0.492759
138 0.492527
139 0.492241
140 0.491993
141 0.491727
142 0.491447
143 0.491166
144 0.490881
145 0.490514
146 0.49018
147 0.48984
148 0.489477
149 0.489102
150 0.488701
151 0.488288
152 0.487867
153 0.487433
154 0.486992
155 0.48646
156 0.485966
157 0.48542
158 0.484792
159 0.484168
160 0.483511
161 0.48284
162 0.482136
163 0.481407
164 0.480661
165 0.479826
166 0.478974
167 0.478076
168 0.477105
169 0.476148
170 0.47506
171 0.473944
172 0.472774
173 0.471542
174 0.470234
175 0.468861
176 0.467424
177 0.465887
178 0.464262
179 0.462571
180 0.460729
181 0.458862
182 0.456799
183 0.454659
184 0.452442
185 0.450196
186 0.447787
187 0.444859
188 0.442087
189 0.439149
190 0.435972
191 0.432513
192 0.428992
193 0.425315
194 0.421411
195 0.417381
196 0.413031
197 0.40844
198 0.403731
199 0.398715
200 0.393485
201 0.388
202 0.38233
203 0.376528
204 0.37051
205 0.364067
206 0.35762
207 0.351862
208 0.344144
209 0.337526
210 0.330629
211 0.324076
212 0.31689
213 0.309752
214 0.3028
215 0.296315
216 0.289224
217 0.282765
218 0.277386
219 0.273174
220 0.264871
221 0.258095
222 0.252243
223 0.247011
224 0.241319
225 0.236491
226 0.23245
227 0.226534
228 0.221762
229 0.218384
230 0.214909
231 0.210411
232 0.205926
233 0.201949
234 0.19909
235 0.195347
236 0.192831
237 0.18933
238 0.186679
239 0.183695
240 0.181713
241 0.180016
242 0.177365
243 0.175465
244 0.172932
245 0.169449
246 0.168038
247 0.166174
248 0.163962
249 0.161791
250 0.160096
251 0.158805
252 0.15694
253 0.157408
254 0.157348
255 0.15249
256 0.153695
257 0.149482
258 0.150855
259 0.152284
260 0.14728
261 0.145387
262 0.150478
263 0.143076
264 0.142571
265 0.141076
266 0.140266
267 0.139766
268 0.140039
269 0.138201
270 0.137176
271 0.137557
272 0.136045
273 0.140231
274 0.134607
275 0.132882
276 0.132094
277 0.131416
278 0.130855
279 0.131348
280 0.13218
281 0.134921
282 0.128612
283 0.127904
284 0.127933
285 0.12682
286 0.128168
287 0.125982
288 0.125442
289 0.124915
290 0.129061
291 0.124367
292 0.12365
293 0.123382
294 0.124012
295 0.122635
296 0.122754
297 0.121838
298 0.124052
299 0.128092
300 0.122192
301 0.121443
302 0.120774
303 0.121395
304 0.123171
305 0.119127
306 0.118938
307 0.118673
308 0.119467
309 0.119769
310 0.119327
311 0.117656
312 0.118965
313 0.119055
314 0.11785
315 0.116886
316 0.11892
317 0.116315
318 0.115511
319 0.116612
320 0.115142
321 0.11582
322 0.118181
323 0.114807
324 0.114894
325 0.117903
326 0.122551
327 0.113648
328 0.117035
329 0.113133
330 0.11361
331 0.113045
332 0.113789
333 0.113699
334 0.112383
335 0.118937
336 0.112593
337 0.113178
338 0.111745
339 0.113803
340 0.116001
341 0.112424
342 0.111261
343 0.111157
344 0.110658
345 0.110705
346 0.111144
347 0.112435
348 0.110543
349 0.113751
350 0.116292
351 0.112255
352 0.113012
353 0.112787
354 0.113184
355 0.109166
356 0.110189
357 0.111176
358 0.108913
359 0.109336
360 0.108757
361 0.113003
362 0.110879
363 0.109499
364 0.108058
365 0.113224
366 0.107805
367 0.108709
368 0.10788
369 0.108776
370 0.110079
371 0.114529
372 0.114684
373 0.111376
374 0.107744
375 0.110255
376 0.107918
377 0.112981
378 0.107407
379 0.10821
380 0.113203
381 0.106841
382 0.106784
383 0.112253
384 0.107676
385 0.111512
386 0.108833
387 0.111096
388 0.108854
389 0.115924
390 0.105776
391 0.105852
392 0.107165
393 0.109231
394 0.106089
395 0.112952
396 0.10616
397 0.106825
398 0.110755
399 0.109934
400 0.110711
401 0.10471
402 0.108179
403 0.104805
404 0.106538
405 0.106144
406 0.11175
407 0.113206
408 0.109838
409 0.110297
410 0.109103
411 0.106433
412 0.104172
413 0.106462
414 0.10426
415 0.104168
416 0.104465
417 0.104507
418 0.110359
419 0.10551
420 0.10423
421 0.106097
422 0.104476
423 0.10444
424 0.104134
425 0.104417
426 0.11282
427 0.103811
428 0.108496
429 0.105348
430 0.105053
431 0.108716
432 0.103923
433 0.103551
434 0.103182
435 0.104812
436 0.103634
437 0.103153
438 0.104682
439 0.102783
440 0.106075
441 0.103914
442 0.103843
443 0.10414
444 0.104739
445 0.11103
446 0.103805
447 0.106779
448 0.103303
449 0.11218
450 0.102516
451 0.102583
452 0.10214
453 0.107896
454 0.102084
455 0.110473
456 0.102356
457 0.103025
458 0.102712
459 0.104803
460 0.106171
461 0.106098
462 0.103246
463 0.104334
464 0.103203
465 0.10497
466 0.108799
467 0.103704
468 0.102199
469 0.108021
470 0.109628
471 0.111527
472 0.103882
473 0.101707
474 0.10618
475 0.102226
476 0.101341
477 0.104769
478 0.109727
479 0.105709
480 0.107061
481 0.105037
482 0.10182
483 0.103024
484 0.102378
485 0.105654
486 0.106385
487 0.100672
488 0.101434
489 0.107873
490 0.102173
491 0.103048
492 0.103649
493 0.102989
494 0.104009
495 0.108608
496 0.100499
497 0.105155
498 0.101059
499 0.100842
500 0.100322
501 0.103712
502 0.100739
503 0.0998332
504 0.101228
505 0.100178
506 0.107464
507 0.111358
508 0.101931
509 0.0997697
510 0.100846
511 0.099861
512 0.100517
513 0.104153
514 0.10392
515 0.1036
516 0.10602
517 0.106334
518 0.0993501
519 0.10198
520 0.0993203
521 0.104085
522 0.104804
523 0.104799
524 0.101705
525 0.102166
526 0.103785
527 0.104314
528 0.100871
529 0.107778
530 0.0993309
531 0.099802
532 0.0994015
533 0.101773
534 0.103987
535 0.100928
536 0.107693
537 0.10381
538 0.0990795
539 0.103505
540 0.104661
541 0.0996381
542 0.0989872
543 0.104366
544 0.10109
545 0.101753
546 0.102301
547 0.101179
548 0.0997504
549 0.100743
550 0.0993416
551 0.0993278
552 0.101746
553 0.0990454
554 0.100753
555 0.102688
556 0.0992402
557 0.102434
558 0.103234
559 0.106692
560 0.100157
561 0.100174
562 0.098732
563 0.106076
564 0.105595
565 0.103941
566 0.0983513
567 0.0999144
568 0.0992218
569 0.100573
570 0.101476
571 0.106502
572 0.107803
573 0.0987961
574 0.0996765
575 0.104974
576 0.0988649
577 0.0987178
578 0.103728
579 0.103292
580 0.103047
581 0.0993398
582 0.106246
583 0.0987005
584 0.106075
585 0.110441
586 0.0998569
587 0.101547
588 0.10276
589 0.0987788
590 0.098468
591 0.0991174
592 0.099654
593 0.102358
594 0.104714
595 0.0999788
596 0.106536
597 0.101365
598 0.098569
599 0.0991515
600 0.10713
601 0.100036
602 0.100512
603 0.103288
604 0.109542
605 0.108778
606 0.102149
607 0.102722
608 0.100231
609 0.0982483
610 0.103053
611 0.0976961
612 0.100251
613 0.101829
614 0.0982667
615 0.103741
616 0.102016
617 0.0994609
618 0.102245
619 0.104634
620 0.0977816
621 0.0970961
622 0.10289
623 0.0975532
624 0.101734
625 0.10427
626 0.10724
627 0.104143
628 0.10477
629 0.097766
630 0.097217
631 0.101256
632 0.100804
633 0.101214
634 0.0984221
635 0.10182
636 0.0997518
637 0.100767
638 0.104071
639 0.109176
640 0.0980832
641 0.0977399
642 0.098939
643 0.100425
644 0.0977258
645 0.101301
646 0.0993612
647 0.104986
648 0.101176
649 0.1012
650 0.103992
651 0.104765
652 0.0978944
653 0.101446
654 0.0970364
655 0.104115
656 0.101761
657 0.0976914
658 0.0973634
659 0.0963897
660 0.0975063
661 0.0974818
662 0.101331
663 0.104944
664 0.0970978
665 0.0980972
666 0.0976242
667 0.0968374
668 0.102303
669 0.107232
670 0.0991536
671 0.0969286
672 0.103143
673 0.0965278
674 0.0984931
675 0.102914
676 0.0999843
677 0.0983612
678 0.100193
679 0.101399
680 0.101804
681 0.0983272
682 0.10413
683 0.102335
684 0.0968367
685 0.100737
686 0.0984963
687 0.0979319
688 0.0996719
689 0.0968292
690 0.101521
691 0.103165
692 0.106339
693 0.0984241
694 0.0966989
695 0.100605
696 0.0965684
697 0.0974145
698 0.0962625
699 0.101593
700 0.0981401
701 0.0964227
702 0.10085
703 0.1004
704 0.0962819
705 0.0985621
706 0.106145
707 0.0990338
708 0.100744
709 0.101169
710 0.0979687
711 0.09783
712 0.0966723
713 0.096912
714 0.102928
715 0.0992009
716 0.100509
717 0.106859
718 0.102665
719 0.0964008
720 0.0962038
721 0.0962243
722 0.100962
723 0.0963494
724 0.0960703
725 0.100986
726 0.0970921
727 0.105491
728 0.102488
729 0.103394
730 0.108069
731 0.0986682
732 0.100443
733 0.0968766
734 0.100084
735 0.104777
736 0.103948
737 0.101309
738 0.103088
739 0.0972162
740 0.0969903
741 0.0989164
742 0.0958246
743 0.098283
744 0.0956824
745 0.0961074
746 0.102287
747 0.103065
748 0.104028
749 0.101358
750 0.10038
751 0.10363
752 0.103328
753 0.0968342
754 0.0960069
755 0.101111
756 0.0970582
757 0.0985599
758 0.102314
759 0.107487
760 0.0959991
761 0.104838
762 0.0984966
763 0.0968115
764 0.0967213
765 0.0980715
766 0.0979862
767 0.0964925
768 0.0978193
769 0.103111
770 0.0965577
771 0.0956695
772 0.0963459
773 0.101397
774 0.0969675
775 0.099027
776 0.0956551
777 0.0978606
778 0.101955
779 0.0962508
780 0.095742
781 0.0961147
782 0.0999332
783 0.0969935
784 0.0956082
785 0.0966169
786 0.0959736
787 0.101118
788 0.0990163
789 0.0962887
790 0.10243
791 0.096317
792 0.103847
793 0.105548
794 0.0982666
795 0.105397
796 0.0989454
797 0.097519
798 0.0996672
799 0.0969793
800 0.0997048
801 0.0996702
802 0.101838
803 0.0992838
804 0.0997188
805 0.0959506
806 0.0958318
807 0.0957946
808 0.0957922
809 0.095677
810 0.101324
811 0.0957915
812 0.09651
813 0.102693
814 0.096442
815 0.097931
816 0.0963237
817 0.0994357
818 0.0963522
819 0.0958968
820 0.0962662
821 0.100542
822 0.104272
823 0.0972372
824 0.102717
825 0.104941
826 0.103073
827 0.098061
828 0.0998589
829 0.10044
830 0.0969739
831 0.098645
832 0.0968041
833 0.100108
834 0.100161
835 0.103901
836 0.100962
837 0.0984939
838 0.097275
839 0.102786
840 0.104951
841 0.106719
842 0.106231
843 0.106003
844 0.0981106
845 0.0994183
846 0.0976854
847 0.10287
848 0.0991812
849 0.0965239
850 0.0990118
851 0.0993085
852 0.0965331
853 0.0964444
854 0.102495
855 0.0991984
856 0.101586
857 0.0983329
858 0.0995979
859 0.0959269
860 0.0959329
861 0.0979435
862 0.0956255
863 0.095498
864 0.0973799
865 0.10207
866 0.095501
867 0.0977958
868 0.0987942
869 0.0964389
870 0.0952398
871 0.0955668
872 0.0988241
873 0.103349
874 0.100512
875 0.104175
876 0.102995
877 0.097047
878 0.098551
879 0.0979046
880 0.0954209
881 0.097477
882 0.100235
883 0.0980485
884 0.0963148
885 0.0969313
886 0.0954875
887 0.0963683
888 0.0978562
889 0.104212
890 0.0979533
891 0.0995964
892 0.103642
893 0.0985325
894 0.0967006
895 0.0969216
896 0.101338
897 0.0966306
898 0.096547
899 0.0987174
900 0.0986091
901 0.0995236
902 0.101147
903 0.0965182
904 0.0956149
905 0.101305
906 0.100172
907 0.103691
908 0.102727
909 0.0969078
910 0.0967434
911 0.100303
912 0.0954705
913 0.0969565
914 0.0958539
915 0.0969702
916 0.0981518
917 0.102079
918 0.0999991
919 0.095364
920 0.0974956
921 0.0992904
922 0.0957007
923 0.0965283
924 0.0949975
925 0.0951024
926 0.0959644
927 0.100225
928 0.0989089
929 0.0988483
930 0.0981455
931 0.0979724
932 0.0980199
933 0.0961192
934 0.102054
935 0.103459
936 0.098306
937 0.102931
938 0.0973969
939 0.0959938
940 0.100209
941 0.104373
942 0.104637
943 0.0980627
944 0.0998377
945 0.0999278
946 0.102481
947 0.0979381
948 0.0982142
949 0.0970202
950 0.0961543
951 0.0972434
952 0.100017
953 0.0957364
954 0.0975082
955 0.0961277
956 0.0961946
957 0.0986192
958 0.0983805
959 0.0975952
960 0.101827
961 0.0997052
962 0.0995673
963 0.0977451
964 0.0964266
965 0.0945509
966 0.0946134
967 0.0951687
968 0.100524
969 0.0958346
970 0.0947738
971 0.100276
972 0.0982752
973 0.0989899
974 0.0964144
975 0.0997593
976 0.0997373
977 0.0987675
978 0.0954213
979 0.0948295
980 0.0996516
981 0.0960304
982 0.095111
983 0.0992715
984 0.100773
985 0.0956786
986 0.0952829
987 0.0952762
988 0.100182
989 0.0961683
990 0.094158
991 0.0954592
992 0.0968734
993 0.0955361
994 0.0947923
995 0.0946217
996 0.0980366
997 0.0947591
998 0.0964635
999 0.0986815
1000 0.0980156
1001 0.0971015
1002 0.101768
1003 0.0984173
1004 0.0992527
1005 0.0981464
1006 0.0987194
1007 0.100435
1008 0.094906
1009 0.0958647
1010 0.0980949
1011 0.0950187
1012 0.0947853
1013 0.0985042
1014 0.101943
1015 0.0972661
1016 0.096649
1017 0.0975418
1018 0.101746
1019 0.100191
1020 0.0984169
1021 0.103272
1022 0.0969936
1023 0.0946075
1024 0.0976079
1025 0.0959529
1026 0.0956329
1027 0.0993396
1028 0.0960558
1029 0.101317
1030 0.096929
1031 0.0954166
1032 0.0947419
1033 0.0961443
1034 0.0965927
1035 0.096669
1036 0.10128
1037 0.0987774
1038 0.0947561
1039 0.095607
1040 0.0969365
1041 0.097136
1042 0.0970769
1043 0.097338
1044 0.10009
1045 0.101
1046 0.0965095
1047 0.0949108
1048 0.0947321
1049 0.0958638
1050 0.0942877
1051 0.0959578
1052 0.0986864
1053 0.0977285
1054 0.0954426
1055 0.0940504
1056 0.0996743
1057 0.0942116
1058 0.0955351
1059 0.0970331
1060 0.0944533
1061 0.0962405
1062 0.0938773
1063 0.0941542
1064 0.0975803
1065 0.0953014
1066 0.0949588
1067 0.100009
1068 0.100676
1069 0.101299
1070 0.0982419
1071 0.098949
1072 0.100858
1073 0.0941637
1074 0.0946387
1075 0.0939659
1076 0.0942033
1077 0.0973807
1078 0.0996477
1079 0.0951735
1080 0.0950299
1081 0.097292
1082 0.101511
1083 0.102496
1084 0.09742
1085 0.100027
1086 0.0985054
1087 0.101722
1088 0.0978549
1089 0.0953945
1090 0.093688
1091 0.0942244
1092 0.0992927
1093 0.100629
1094 0.10371
1095 0.102799
1096 0.0966883
1097 0.0942562
1098 0.095478
1099 0.0962715
1100 0.0944064
1101 0.093787
1102 0.0989997
1103 0.094127
1104 0.0982718
1105 0.0942776
1106 0.0968973
1107 0.0947343
1108 0.0953484
1109 0.0978128
1110 0.0961802
1111 0.0939775
1112 0.0958383
1113 0.0942875
1114 0.0961392
1115 0.0944416
1116 0.0982797
1117 0.0951346
1118 0.0974415
1119 0.0971794
1120 0.0947145
1121 0.0945801
1122 0.0941578
1123 0.0967229
1124 0.0955467
1125 0.101395
1126 0.0968681
1127 0.0942944
1128 0.0949138
1129 0.0942389
1130 0.0986458
1131 0.102615
1132 0.0954837
1133 0.099196
1134 0.100242
1135 0.0957619
1136 0.0945241
1137 0.0953582
1138 0.0955791
1139 0.0975517
1140 0.0942258
1141 0.0939748
1142 0.0940328
1143 0.0990178
1144 0.0942379
1145 0.0940282
1146 0.0951947
1147 0.093772
1148 0.099251
1149 0.0981264
1150 0.0980824
1151 0.0951348
1152 0.0983738
1153 0.0945219
1154 0.0941573
1155 0.0950399
1156 0.0940989
1157 0.0978178
1158 0.0947796
1159 0.0947258
1160 0.0958794
1161 0.094443
1162 0.0958479
1163 0.09657
1164 0.100585
1165 0.101688
1166 0.0958536
1167 0.097595
1168 0.099296
1169 0.100562
1170 0.0967379
1171 0.0945803
1172 0.096869
1173 0.0978344
1174 0.0959551
1175 0.095693
1176 0.0958905
1177 0.0965489
1178 0.094335
1179 0.0970685
1180 0.0949174
1181 0.0962631
1182 0.0943603
1183 0.0942533
1184 0.10001
1185 0.0947254
1186 0.0943549
1187 0.0999181
1188 0.0963488
1189 0.0998571
1190 0.094638
1191 0.0943674
1192 0.095862
1193 0.100928
1194 0.101793
1195 0.0942063
1196 0.0984749
1197 0.098441
1198 0.0953552
1199 0.0971716
1200 0.0977276
1201 0.0958878
1202 0.0965561
1203 0.0999593
1204 0.0973928
1205 0.094658
1206 0.0945972
1207 0.0945354
1208 0.0943509
1209 0.097442
1210 0.0947536
1211 0.0968895
1212 0.097209
1213 0.0941297
1214 0.096724
1215 0.0941388
1216 0.0957378
1217 0.0942506
1218 0.0939841
1219 0.0939826
1220 0.0942455
1221 0.0959454
1222 0.0940711
1223 0.0965927
1224 0.0949743
1225 0.0983556
1226 0.0983187
1227 0.0957324
1228 0.0962121
1229 0.0989107
1230 0.0976919
1231 0.0947269
1232 0.0938353
1233 0.0984314
1234 0.095061
1235 0.0990708
1236 0.101861
1237 0.0948101
1238 0.0986699
1239 0.0938597
1240 0.0942102
1241 0.0965974
1242 0.0991143
1243 0.0942463
1244 0.0985274
1245 0.101647
1246 0.0967299
1247 0.0960342
1248 0.0989407
1249 0.0976332
1250 0.0989564
1251 0.0977145
1252 0.0965259
1253 0.0986567
1254 0.0966085
1255 0.0972172
1256 0.0940313
1257 0.094154
1258 0.0943513
1259 0.0944553
1260 0.0987756
1261 0.10058
1262 0.0955392
1263 0.0983147
1264 0.0975188
1265 0.0945475
1266 0.0991523
1267 0.0950972
1268 0.0988853
1269 0.0997596
1270 0.0969534
1271 0.0993752
1272 0.0935298
1273 0.0976298
1274 0.0941969
1275 0.0954743
1276 0.0943879
1277 0.0984113
1278 0.101556
1279 0.0935563
1280 0.0969715
1281 0.0962143
1282 0.094095
1283 0.0935164
1284 0.0948765
1285 0.096332
1286 0.0972084
1287 0.0935518
1288 0.0946499
1289 0.0940677
1290 0.0962392
1291 0.0961036
1292 0.0970935
1293 0.0985771
1294 0.0996336
1295 0.0949453
1296 0.0945423
1297 0.0943682
1298 0.0995017
1299 0.0978626
1300 0.0967385
1301 0.0936803
1302 0.0945597
1303 0.098513
1304 0.0960576
1305 0.0948251
1306 0.0979778
1307 0.094427
1308 0.0988096
1309 0.0975273
1310 0.0945711
1311 0.0936399
1312 0.0974993
1313 0.0993306
1314 0.0948862
1315 0.0936143
1316 0.0959354
1317 0.0945851
1318 0.098797
1319 0.100354
1320 0.0969892
1321 0.0962025
1322 0.0961258
1323 0.094746
1324 0.0944315
1325 0.0945642
1326 0.0948443
1327 0.0960004
1328 0.094945
1329 0.0952044
1330 0.0937265
1331 0.0938798
1332 0.0953968
1333 0.0962198
1334 0.0953642
1335 0.0965734
1336 0.0951149
1337 0.0996968
1338 0.0971399
1339 0.0998788
1340 0.0966653
1341 0.0943182
1342 0.0940109
1343 0.0977586
1344 0.09625
1345 0.0946543
1346 0.0947434
1347 0.0956355
1348 0.0938314
1349 0.0940699
1350 0.0938452
1351 0.0982783
1352 0.0937482
1353 0.0936849
1354 0.0954319
1355 0.094418
1356 0.0937466
1357 0.0953059
1358 0.0935899
1359 0.0935848
1360 0.0970721
1361 0.0984269
1362 0.101035
1363 0.100642
1364 0.0996692
1365 0.0950878
1366 0.0935437
1367 0.0982791
1368 0.0948295
1369 0.0964515
1370 0.0936033
1371 0.0944404
1372 0.0941272
1373 0.0935858
1374 0.0972294
1375 0.0968879
1376 0.098491
1377 0.0949408
1378 0.0956344
1379 0.0998072
1380 0.0948903
1381 0.0954172
1382 0.0937425
1383 0.0952928
1384 0.0964892
1385 0.0953454
1386 0.0936253
1387 0.0969049
1388 0.0973187
1389 0.0944415
1390 0.0986532
1391 0.0935894
1392 0.0966438
1393 0.0959387
1394 0.0945481
1395 0.0962967
1396 0.0986044
1397 0.097418
1398 0.0971371
1399 0.097117
1400 0.0940823
1401 0.0964318
1402 0.0964313
1403 0.0946163
1404 0.0953917
1405 0.0941366
1406 0.0941183
1407 0.0938574
1408 0.0942297
1409 0.0976994
1410 0.0957687
1411 0.0985923
1412 0.0959784
1413 0.0966037
1414 0.0981669
1415 0.100455
1416 0.0956232
1417 0.0936261
1418 0.0934086
1419 0.0956419
1420 0.0946359
1421 0.0955893
1422 0.0938387
1423 0.0939175
1424 0.0962247
1425 0.0995507
1426 0.0976138
1427 0.0952343
1428 0.0936332
1429 0.0977659
1430 0.099492
1431 0.0975615
1432 0.100108
1433 0.0962921
1434 0.0956605
1435 0.0983281
1436 0.0946741
1437 0.0935873
1438 0.0934666
1439 0.093345
1440 0.0932172
1441 0.0953159
1442 0.0964711
1443 0.0970444
1444 0.0933915
1445 0.0947454
1446 0.0934762
1447 0.0932362
1448 0.0931294
1449 0.0938408
1450 0.0933383
1451 0.0932423
1452 0.0932731
1453 0.096183
1454 0.0988735
1455 0.0988632
1456 0.0961606
1457 0.0934708
1458 0.0971542
1459 0.0935965
1460 0.0933002
1461 0.0936785
1462 0.093508
1463 0.0939866
1464 0.0939165
1465 0.0940193
1466 0.0957036
1467 0.0932426
1468 0.096265
1469 0.0935936
1470 0.0945122
1471 0.0935599
1472 0.0977185
1473 0.0959119
1474 0.0980784
1475 0.0943608
1476 0.0938766
1477 0.0933053
1478 0.0951496
1479 0.0953347
1480 0.0930212
1481 0.096654
1482 0.0958464
1483 0.0930684
1484 0.094986
1485 0.0975181
1486 0.09811
1487 0.0966033
1488 0.092973
1489 0.0937593
1490 0.0938
1491 0.0967576
1492 0.0978651
1493 0.0933299
1494 0.0945718
1495 0.0930533
1496 0.0930224
1497 0.0961736
1498 0.0979969
1499 0.0950305
1500 0.0951385
1501 0.0982343
1502 0.0928136
1503 0.0962804
1504 0.0929663
1505 0.0935915
1506 0.0963298
1507 0.0938363
1508 0.0949881
1509 0.0961653
1510 0.0984813
1511 0.0992318
1512 0.0940923
1513 0.0968864
1514 0.0943484
1515 0.0969796
1516 0.0934179
1517 0.0965372
1518 0.0938467
1519 0.0944593
1520 0.0947783
1521 0.0948854
1522 0.0981805
1523 0.0995608
1524 0.0995452
1525 0.0959932
1526 0.0963144
1527 0.0938673
1528 0.0955778
1529 0.0949538
1530 0.0972476
1531 0.0964491
1532 0.099315
1533 0.0932694
1534 0.097466
1535 0.0965252
1536 0.0967009
1537 0.0932274
1538 0.0944313
1539 0.0957861
1540 0.0972208
1541 0.0984223
1542 0.0999707
1543 0.0996528
1544 0.0989031
1545 0.100139
1546 0.0979207
1547 0.0935314
1548 0.0949577
1549 0.0952464
1550 0.0972877
1551 0.0983198
1552 0.0990346
1553 0.0936706
1554 0.0958683
1555 0.0943634
1556 0.0954089
1557 0.0970884
1558 0.0962769
1559 0.0948137
1560 0.0951992
1561 0.0942257
1562 0.0938721
1563 0.0943068
1564 0.0933155
1565 0.0930577
1566 0.0939204
1567 0.0945714
1568 0.0930668
1569 0.0932566
1570 0.0942755
1571 0.096895
1572 0.0944481
1573 0.0978505
1574 0.0944971
1575 0.0926449
1576 0.0927727
1577 0.0949066
1578 0.0957161
1579 0.0934476
1580 0.0968269
1581 0.0926932
1582 0.0961288
1583 0.0943451
1584 0.0970174
1585 0.0932227
1586 0.0943044
1587 0.0936437
1588 0.0934299
1589 0.0931364
1590 0.0963328
1591 0.0933415
1592 0.0953799
1593 0.094901
1594 0.0929537
1595 0.0972849
1596 0.0978817
1597 0.0970974
1598 0.0937994
1599 0.0943777
1600 0.0937896
1601 0.0954774
1602 0.0941004
1603 0.0974771
1604 0.0990245
1605 0.0960135
1606 0.0956503
1607 0.098222
1608 0.093809
1609 0.0932875
1610 0.0939738
1611 0.0933392
1612 0.0928776
1613 0.094946
1614 0.0925041
1615 0.0924896
1616 0.0925051
1617 0.0934812
1618 0.0925762
1619 0.092622
1620 0.0928012
1621 0.0926118
1622 0.0957461
1623 0.0974845
1624 0.0937627
1625 0.0952819
1626 0.0951507
1627 0.0952185
1628 0.0952556
1629 0.0969302
1630 0.0953336
1631 0.0969341
1632 0.0956627
1633 0.0952564
1634 0.0936439
1635 0.0943533
1636 0.0953334
1637 0.097725
1638 0.0929283
1639 0.0928796
1640 0.0957152
1641 0.0978142
1642 0.0989559
1643 0.0948991
1644 0.0970996
1645 0.0953604
1646 0.0936949
1647 0.0966246
1648 0.0936767
1649 0.0951598
1650 0.0950305
1651 0.0966795
1652 0.0927392
1653 0.094059
1654 0.0935469
1655 0.0937702
1656 0.0961837
1657 0.0955018
1658 0.0952165
1659 0.0971449
1660 0.0962369
1661 0.0980263
1662 0.0942279
1663 0.0944279
1664 0.0926954
1665 0.092526
1666 0.0929777
1667 0.0928605
1668 0.0948307
1669 0.0946609
1670 0.0924837
1671 0.0938092
1672 0.0929543
1673 0.0928492
1674 0.0942361
1675 0.093733
1676 0.0926848
1677 0.0934221
1678 0.09308
1679 0.0960782
1680 0.0932431
1681 0.0963033
1682 0.0925475
1683 0.0944683
1684 0.0948076
1685 0.0953833
1686 0.0945809
1687 0.097031
1688 0.0948526
1689 0.0937199
1690 0.096514
1691 0.0930268
1692 0.0955079
1693 0.0942059
1694 0.0970907
1695 0.0961209
1696 0.0978226
1697 0.0943584
1698 0.0954632
1699 0.097477
1700 0.0935218
1701 0.0928151
1702 0.0927383
1703 0.0926669
1704 0.0959311
1705 0.0954617
1706 0.0946583
1707 0.0933483
1708 0.0929373
1709 0.0933634
1710 0.0962941
1711 0.0951649
1712 0.0939668
1713 0.0930085
1714 0.0933376
1715 0.0926238
1716 0.0958018
1717 0.093657
1718 0.092872
1719 0.0948156
1720 0.09548
1721 0.0953012
1722 0.0958004
1723 0.0944066
1724 0.0970627
1725 0.094516
1726 0.0931704
1727 0.0931619
1728 0.0957268
1729 0.0936031
1730 0.0927775
1731 0.0949086
1732 0.0972037
1733 0.0959041
1734 0.0929738
1735 0.0938543
1736 0.0944661
1737 0.0926347
1738 0.0959795
1739 0.0946846
1740 0.0963291
1741 0.0932205
1742 0.0926614
1743 0.0936337
1744 0.0961402
1745 0.09683
1746 0.0923932
1747 0.092331
1748 0.0942355
1749 0.0943096
1750 0.0926484
1751 0.0957172
1752 0.0966751
1753 0.092605
1754 0.0935221
1755 0.0961876
1756 0.0950119
1757 0.0948348
1758 0.0930868
1759 0.0927718
1760 0.0925314
1761 0.0934512
1762 0.0928299
1763 0.0938553
1764 0.0965087
1765 0.0936653
1766 0.0926302
1767 0.0938859
1768 0.0949987
1769 0.0925265
1770 0.0958196
1771 0.0965557
1772 0.0948447
1773 0.0935698
1774 0.0961906
1775 0.0957269
1776 0.0948555
1777 0.0928277
1778 0.094667
1779 0.0945415
1780 0.0951444
1781 0.0970359
1782 0.0939679
1783 0.0971682
1784 0.0942685
1785 0.094686
1786 0.0931507
1787 0.0932149
1788 0.0925649
1789 0.0962034
1790 0.0948015
1791 0.0967345
1792 0.0948575
1793 0.0946557
1794 0.0974056
1795 0.0977658
1796 0.0946786
1797 0.0945567
1798 0.0940554
1799 0.0950736
1800 0.0933589
1801 0.0937458
1802 0.0925853
1803 0.094783
1804 0.0951887
1805 0.0944002
1806 0.0929994
1807 0.0925791
1808 0.0950755
1809 0.0953278
1810 0.0963342
1811 0.0952754
1812 0.094873
1813 0.0942765
1814 0.0949706
1815 0.0945483
1816 0.0962012
1817 0.0945375
1818 0.0935514
1819 0.0923731
1820 0.0924877
1821 0.0954101
1822 0.0933987
1823 0.0938055
1824 0.0957958
1825 0.0936319
1826 0.0964507
1827 0.093628
1828 0.0927109
1829 0.0959429
1830 0.0937909
1831 0.0934755
1832 0.0966679
1833 0.0942154
1834 0.0940921
1835 0.0934327
1836 0.0947581
1837 0.0950955
1838 0.092845
1839 0.0925031
1840 0.0929297
1841 0.0932767
1842 0.0933536
1843 0.0924848
1844 0.0925962
1845 0.0943704
1846 0.0928923
1847 0.0941411
1848 0.0950095
1849 0.0948941
1850 0.0947641
1851 0.0961282
1852 0.0950664
1853 0.0922221
1854 0.0925496
1855 0.0959853
1856 0.0929372
1857 0.0925225
1858 0.0943564
1859 0.0936828
1860 0.0925843
1861 0.0934661
1862 0.0927142
1863 0.0955679
1864 0.092687
1865 0.0922617
1866 0.0934984
1867 0.0924324
1868 0.0925955
1869 0.0926267
1870 0.0934088
1871 0.092228
1872 0.0940282
1873 0.0958424
1874 0.093914
1875 0.0936995
1876 0.0962779
1877 0.0965592
1878 0.0930144
1879 0.0943292
1880 0.096307
1881 0.0948608
1882 0.0946464
1883 0.096531
1884 0.0939614
1885 0.0957781
1886 0.0937186
1887 0.0933037
1888 0.0936532
1889 0.095518
1890 0.0941626
1891 0.0933167
1892 0.0924102
1893 0.0957548
1894 0.0949466
1895 0.0962329
1896 0.0957531
1897 0.0955119
1898 0.0931142
1899 0.093513
1900 0.0939075
1901 0.0966708
1902 0.0944027
1903 0.0926793
1904 0.0922564
1905 0.0930734
1906 0.0924506
1907 0.0951564
1908 0.0971772
1909 0.0938752
1910 0.093304
1911 0.093806
1912 0.0945037
1913 0.0958203
1914 0.0923645
1915 0.0931346
1916 0.0936526
1917 0.0926687
1918 0.0942211
1919 0.0956698
1920 0.0963386
1921 0.0949328
1922 0.0965951
1923 0.0945938
1924 0.0930146
1925 0.0934028
1926 0.0922273
1927 0.0922983
1928 0.0921558
1929 0.0920903
1930 0.0934555
1931 0.0923698
1932 0.0950657
1933 0.0929786
1934 0.0951493
1935 0.0948931
1936 0.092513
1937 0.095001
1938 0.0929188
1939 0.0933716
1940 0.0923733
1941 0.0925369
1942 0.0918971
1943 0.0928717
1944 0.094255
1945 0.0957248
1946 0.0951034
1947 0.0964888
1948 0.0953871
1949 0.0943797
1950 0.0923852
1951 0.0947169
1952 0.0930156
1953 0.0933661
1954 0.0958566
1955 0.0925093
1956 0.0924573
1957 0.0939089
1958 0.0965863
1959 0.0934705
1960 0.0928369
1961 0.0951192
1962 0.0936228
1963 0.0934428
1964 0.0936422
1965 0.0940144
1966 0.0939001
1967 0.0948091
1968 0.0932399
1969 0.0944122
1970 0.0929767
1971 0.0934705
1972 0.0961477
1973 0.0936363
1974 0.0930074
1975 0.0940608
1976 0.0956344
1977 0.0947763
1978 0.0925133
1979 0.0936252
1980 0.0925495
1981 0.0924952
1982 0.0947361
1983 0.0936926
1984 0.0945131
1985 0.0930418
1986 0.0923879
1987 0.0920944
1988 0.0921018
1989 0.0918264
1990 0.0918342
1991 0.0918678
1992 0.0930124
1993 0.0959393
1994 0.0960911
1995 0.0962203
1996 0.0935994
1997 0.0961016
1998 0.0968849
1999 0.0940813
2000 0.0941457
2001 0.0925139
2002 0.0934869
2003 0.0921545
2004 0.0917626
2005 0.0930952
2006 0.0921116
2007 0.094733
2008 0.0924483
2009 0.0929838
2010 0.0931163
2011 0.0960356
2012 0.0931573
2013 0.0920623
2014 0.0917023
2015 0.0930497
2016 0.0915728
2017 0.0929719
2018 0.0959396
2019 0.0953091
2020 0.0931667
2021 0.0951008
2022 0.0950277
2023 0.0957831
2024 0.093416
2025 0.0935135
2026 0.0961087
2027 0.0969417
2028 0.0944578
2029 0.0930988
2030 0.0951361
2031 0.0928316
2032 0.0949043
2033 0.0931872
2034 0.0932312
2035 0.0959629
2036 0.0941551
2037 0.0958302
2038 0.0942212
2039 0.0938418
2040 0.092121
2041 0.094287
2042 0.0918407
2043 0.094787
2044 0.0965548
2045 0.0930586
2046 0.0940517
2047 0.0928817
2048 0.0928077
2049 0.0926361
2050 0.0948324
2051 0.095821
2052 0.0933756
2053 0.0924223
2054 0.0921265
2055 0.0919754
2056 0.0919135
2057 0.0920062
2058 0.0918896
2059 0.0930009
2060 0.0918726
2061 0.0921313
2062 0.0938597
2063 0.0930992
2064 0.0933176
2065 0.092553
2066 0.0919814
2067 0.0918427
2068 0.0917853
2069 0.0916829
2070 0.0932221
2071 0.0918823
2072 0.0919002
2073 0.0943411
2074 0.0952506
2075 0.0960785
2076 0.0963464
2077 0.0932106
2078 0.0947651
2079 0.0941059
2080 0.0925645
2081 0.09199
2082 0.0920123
2083 0.092259
2084 0.0938994
2085 0.0925323
2086 0.0920323
2087 0.0920158
2088 0.0919593
2089 0.0925525
2090 0.0930398
2091 0.0947946
2092 0.0922436
2093 0.0950746
2094 0.0944668
2095 0.0928953
2096 0.0936495
2097 0.0936004
2098 0.0952986
2099 0.0931615
2100 0.0935936
2101 0.0929828
2102 0.0933013
2103 0.0924438
2104 0.0948013
2105 0.0938858
2106 0.0940059
2107 0.0959458
2108 0.0941816
2109 0.0955396
2110 0.0934534
2111 0.0934801
2112 0.094011
2113 0.0940954
2114 0.0939776
2115 0.0934687
2116 0.0922485
2117 0.0943952
2118 0.0931679
2119 0.0930602
2120 0.0930453
2121 0.0922949
2122 0.0937048
2123 0.0927351
2124 0.0949206
2125 0.092584
2126 0.0946158
2127 0.0938043
2128 0.0950536
2129 0.0931127
2130 0.0923816
2131 0.0934061
2132 0.0934186
2133 0.0934364
2134 0.0937597
2135 0.0941828
2136 0.0930844
2137 0.0916578
2138 0.093055
2139 0.093536
2140 0.0947676
2141 0.0927891
2142 0.0945248
2143 0.0928145
2144 0.0937005
2145 0.0947648
2146 0.0961883
2147 0.0932882
2148 0.0919332
2149 0.0930601
2150 0.091828
2151 0.0915975
2152 0.0918455
2153 0.0942214
2154 0.0926865
2155 0.0927726
2156 0.0950656
2157 0.0943145
2158 0.0935416
2159 0.0921512
2160 0.0920474
2161 0.0917422
2162 0.093885
2163 0.0926453
2164 0.0943446
2165 0.0917962
2166 0.0917996
2167 0.0922553
2168 0.0918685
2169 0.0928984
2170 0.093458
2171 0.0948868
2172 0.0952503
2173 0.0938507
2174 0.0927024
2175 0.0918483
2176 0.0924412
2177 0.0917797
2178 0.091714
2179 0.0932166
2180 0.0915943
2181 0.0915431
2182 0.0916308
2183 0.0914845
2184 0.0929412
2185 0.0921496
2186 0.0918091
2187 0.0941304
2188 0.0927966
2189 0.0923947
2190 0.0928995
2191 0.0947323
2192 0.0931475
2193 0.0924708
2194 0.0915233
2195 0.0937912
2196 0.0946636
2197 0.095161
2198 0.0922209
2199 0.0944649
2200 0.0929005
2201 0.0947332
2202 0.0924643
2203 0.0931187
2204 0.0919179
2205 0.0923238
2206 0.091368
2207 0.0920863
2208 0.0916242
2209 0.0928429
2210 0.091867
2211 0.0929937
2212 0.0920384
2213 0.0916391
2214 0.0914507
2215 0.0917907
2216 0.0922228
2217 0.0917576
2218 0.091843
2219 0.0914891
2220 0.0914785
2221 0.0916065
2222 0.0932452
2223 0.0925682
2224 0.0944994
2225 0.0915751
2226 0.0922277
2227 0.0926547
2228 0.0918
2229 0.0928549
2230 0.092827
2231 0.0942286
2232 0.0933265
2233 0.0918836
2234 0.0912651
2235 0.0913438
2236 0.0913637
2237 0.0929331
2238 0.0946616
2239 0.0923982
2240 0.0940158
2241 0.0937594
2242 0.0930618
2243 0.0928272
2244 0.0928444
2245 0.094607
2246 0.0923877
2247 0.0939506
2248 0.0932831
2249 0.0944175
2250 0.0935057
2251 0.0954213
2252 0.0962051
2253 0.0954459
2254 0.0927486
2255 0.0927892
2256 0.0916761
2257 0.0926588
2258 0.0945471
2259 0.0955044
2260 0.0935967
2261 0.0945471
2262 0.0951732
2263 0.0951633
2264 0.0951546
2265 0.092602
2266 0.0914991
2267 0.0926895
2268 0.0912941
2269 0.092326
2270 0.0914985
2271 0.0912185
2272 0.0911768
2273 0.0918138
2274 0.0915409
2275 0.0934873
2276 0.0924
2277 0.0925279
2278 0.0919512
2279 0.093749
2280 0.0910287
2281 0.0934653
2282 0.0944574
2283 0.0937769
2284 0.0929985
2285 0.0930458
2286 0.0928026
2287 0.0931367
2288 0.0942609
2289 0.093719
2290 0.0920762
2291 0.0915134
2292 0.0910382
2293 0.0932923
2294 0.0946238
2295 0.0932708
2296 0.0930109
2297 0.0941573
2298 0.0935286
2299 0.0951445
2300 0.0933889
2301 0.0950175
2302 0.0950754
2303 0.0929116
2304 0.0941545
2305 0.0920516
2306 0.0912948
2307 0.0910156
2308 0.0921295
2309 0.0910335
2310 0.0916101
2311 0.092795
2312 0.0931773
2313 0.0916985
2314 0.0938274
2315 0.0919759
2316 0.091282
2317 0.0917866
2318 0.0920904
2319 0.0918427
2320 0.0916874
2321 0.0927555
2322 0.0918982
2323 0.09217
2324 0.0921661
2325 0.0927793
2326 0.0910586
2327 0.0931234
2328 0.0926402
2329 0.0917244
2330 0.0910306
2331 0.0911798
2332 0.0916702
2333 0.0933655
2334 0.0909328
2335 0.0917195
2336 0.0916351
2337 0.0912249
2338 0.0923648
2339 0.0937396
2340 0.0934185
2341 0.091851
2342 0.0934102
2343 0.0913443
2344 0.0910031
2345 0.0908424
2346 0.0907567
2347 0.0907135
2348 0.0909168
2349 0.092329
2350 0.0923816
2351 0.0915043
2352 0.0919497
2353 0.0934554
2354 0.0913542
2355 0.0937247
2356 0.0936642
2357 0.0931869
2358 0.091723
2359 0.0912412
2360 0.090925
2361 0.0926801
2362 0.091557
2363 0.0913165
2364 0.0908305
2365 0.0909147
2366 0.0922635
2367 0.0906707
2368 0.0909444
2369 0.0914306
2370 0.0909949
2371 0.0915675
2372 0.0910663
2373 0.0917396
2374 0.0910794
2375 0.0933697
2376 0.0928722
2377 0.0915602
2378 0.0908926
2379 0.0914002
2380 0.0935948
2381 0.0931078
2382 0.0925108
2383 0.0915339
2384 0.0923232
2385 0.0910771
2386 0.090864
2387 0.0926137
2388 0.0923334
2389 0.0923835
2390 0.0912164
2391 0.0909706
2392 0.0927917
2393 0.0928517
2394 0.0909861
2395 0.0926001
2396 0.0912076
2397 0.0929874
2398 0.0912323
2399 0.0934981
2400 0.0930717
2401 0.0944871
2402 0.0934121
2403 0.0918503
2404 0.0909899
2405 0.0915311
2406 0.0931402
2407 0.0917197
2408 0.0935315
2409 0.0918175
2410 0.0919602
2411 0.0911521
2412 0.0908913
2413 0.0928886
2414 0.0917242
2415 0.0908712
2416 0.0920419
2417 0.0917167
2418 0.0912975
2419 0.0909542
2420 0.0909419
2421 0.0909426
2422 0.0914627
2423 0.0909251
2424 0.0923974
2425 0.0912118
2426 0.090839
2427 0.0920837
2428 0.0911144
2429 0.0920548
2430 0.0916051
2431 0.0919889
2432 0.091091
2433 0.091686
2434 0.093339
2435 0.09266
2436 0.0912891
2437 0.0913961
2438 0.0913449
2439 0.090933
2440 0.0907296
2441 0.090729
2442 0.0908976
2443 0.0912739
2444 0.0911966
2445 0.0906897
2446 0.0923898
2447 0.0916453
2448 0.0908616
2449 0.0913696
2450 0.0906691
2451 0.0912597
2452 0.0908392
2453 0.0926076
2454 0.0934221
2455 0.0915631
2456 0.0933677
2457 0.0943658
2458 0.0926436
2459 0.0916575
2460 0.0911787
2461 0.090594
2462 0.0927514
2463 0.0920677
2464 0.0907935
2465 0.0906857
2466 0.0918798
2467 0.0909058
2468 0.092783
2469 0.0910667
2470 0.0904916
2471 0.0902432
2472 0.0920331
2473 0.0907558
2474 0.0907904
2475 0.0925203
2476 0.0907282
2477 0.0917527
2478 0.090874
2479 0.0903422
2480 0.0909025
2481 0.0918402
2482 0.091743
2483 0.0908229
2484 0.0914033
2485 0.0915034
2486 0.0907038
2487 0.0904448
2488 0.0903381
2489 0.0902964
2490 0.0907818
2491 0.0911832
2492 0.090423
2493 0.0915647
2494 0.0922978
2495 0.0903296
2496 0.091996
2497 0.0921105
2498 0.0902367
2499 0.0919324
2500 0.0908549
2501 0.0916412
2502 0.0907039
2503 0.0903558
2504 0.0902212
2505 0.0915587
2506 0.0914782
2507 0.0919369
2508 0.0901998
2509 0.0907315
2510 0.0925795
2511 0.090802
2512 0.091168
2513 0.0909409
2514 0.0905317
2515 0.0908698
2516 0.0901005
2517 0.0910623
2518 0.0925706
2519 0.0907329
2520 0.0916463
2521 0.092049
2522 0.0924083
2523 0.0910089
2524 0.0916832
2525 0.0906621
2526 0.092701
2527 0.0934214
2528 0.0929357
2529 0.093966
2530 0.0920006
2531 0.091685
2532 0.0908371
2533 0.0923046
2534 0.0903545
2535 0.090215
2536 0.0902122
2537 0.0901923
2538 0.0908507
2539 0.0927677
2540 0.0916527
2541 0.0902528
2542 0.0917333
2543 0.0920179
2544 0.0929283
2545 0.0912978
2546 0.0925506
2547 0.0912466
2548 0.0911245
2549 0.0926365
2550 0.091077
2551 0.0926933
2552 0.0912013
2553 0.0902543
2554 0.0901127
2555 0.091047
2556 0.0912299
2557 0.0927564
2558 0.0919305
2559 0.0920393
2560 0.0930127
2561 0.0919296
2562 0.091038
2563 0.0904951
2564 0.0921189
2565 0.0909996
2566 0.0924284
2567 0.0908882
2568 0.0910345
2569 0.091112
2570 0.0924736
2571 0.0929142
2572 0.0932827
2573 0.0911341
2574 0.0918465
2575 0.0903938
2576 0.0912693
2577 0.0900114
2578 0.0915578
2579 0.0926845
2580 0.0932227
2581 0.0912039
2582 0.091851
2583 0.0903342
2584 0.0899215
2585 0.0899496
2586 0.0901773
2587 0.0911107
2588 0.0915685
2589 0.091748
2590 0.092693
2591 0.0909427
2592 0.0914112
2593 0.0911644
2594 0.0911311
2595 0.0924693
2596 0.0910586
2597 0.0902468
2598 0.0921427
2599 0.0902156
2600 0.0906868
2601 0.0916719
2602 0.0907985
2603 0.0915842
2604 0.0902107
2605 0.0907258
2606 0.0902678
2607 0.0901361
2608 0.0903356
2609 0.090015
2610 0.0901865
2611 0.0903354
2612 0.0906724
2613 0.0915033
2614 0.0912374
2615 0.0924083
2616 0.0916785
2617 0.0928809
2618 0.0910891
2619 0.0902097
2620 0.0909679
2621 0.0916674
2622 0.0924679
2623 0.0908747
2624 0.0901422
2625 0.0899246
2626 0.0916885
2627 0.092533
2628 0.0910775
2629 0.0900733
2630 0.0899902
2631 0.0899351
2632 0.0916094
2633 0.0903881
2634 0.0920867
2635 0.0927458
2636 0.0912438
2637 0.0900967
2638 0.0901068
2639 0.0908449
2640 0.0901314
2641 0.0917317
2642 0.0910755
2643 0.0903022
2644 0.0917204
2645 0.0907181
2646 0.0922473
2647 0.0904372
2648 0.0901543
2649 0.0906737
2650 0.08988
2651 0.0902397
2652 0.0899056
2653 0.0899077
2654 0.0900934
2655 0.0905808
2656 0.0911674
2657 0.0906126
2658 0.0921099
2659 0.0926165
2660 0.0900091
2661 0.0903494
2662 0.091788
2663 0.0905466
2664 0.0898326
2665 0.0897812
2666 0.0912384
2667 0.0909665
2668 0.0924018
2669 0.0918958
2670 0.0916157
2671 0.0916737
2672 0.0923396
2673 0.0926205
2674 0.0910605
2675 0.0920266
2676 0.0919769
2677 0.0913554
2678 0.090239
2679 0.0915803
2680 0.090024
2681 0.0912589
2682 0.0903426
2683 0.0900394
2684 0.0907222
2685 0.091863
2686 0.0924176
2687 0.0899238
2688 0.0897428
2689 0.0898836
2690 0.0899748
2691 0.0906711
2692 0.0911011
2693 0.0911549
2694 0.0912979
2695 0.0919855
2696 0.0923754
2697 0.0912755
2698 0.0920191
2699 0.0915972
2700 0.0903273
2701 0.0897663
2702 0.0894919
2703 0.0908189
2704 0.0898614
2705 0.0915729
2706 0.0914539
2707 0.0902442
2708 0.0898613
2709 0.0894172
2710 0.0898635
2711 0.0900259
2712 0.0896741
2713 0.0893258
2714 0.0894283
2715 0.0906209
2716 0.0899374
2717 0.0916195
2718 0.0900176
2719 0.090299
2720 0.0898314
2721 0.0895863
2722 0.0895329
2723 0.0896686
2724 0.0909961
2725 0.0900169
2726 0.089742
2727 0.0903987
2728 0.0898373
2729 0.0914339
2730 0.0899115
2731 0.0894827
2732 0.0898068
2733 0.0906675
2734 0.0907572
2735 0.0910016
2736 0.0896139
2737 0.0904169
2738 0.0917883
2739 0.090359
2740 0.0906688
2741 0.0898695
2742 0.0898734
2743 0.0911823
2744 0.0918956
2745 0.090426
2746 0.0918446
2747 0.0916896
2748 0.0915106
2749 0.0899612
2750 0.0912484
2751 0.0897812
2752 0.0904194
2753 0.0900207
2754 0.0906385
2755 0.0918697
2756 0.0920287
2757 0.0926751
2758 0.0911194
2759 0.0917939
2760 0.0907737
2761 0.0909375
2762 0.0910842
2763 0.0905638
2764 0.0898235
2765 0.0906526
2766 0.0904834
2767 0.0912719
2768 0.0906611
2769 0.0897714
2770 0.0899697
2771 0.0914034
2772 0.092213
2773 0.0904062
2774 0.0913187
2775 0.0912425
2776 0.0901158
2777 0.0894839
2778 0.090887
2779 0.0894505
2780 0.0897705
2781 0.0904475
2782 0.0913356
2783 0.0894328
2784 0.0907158
2785 0.0918575
2786 0.0893541
2787 0.0906448
2788 0.0907334
2789 0.0896498
2790 0.0892539
2791 0.0900083
2792 0.0910966
2793 0.0919458
2794 0.0892669
2795 0.0890232
2796 0.0894963
2797 0.089791
2798 0.0911409
2799 0.090477
2800 0.0903575
2801 0.091288
2802 0.0918015
2803 0.090759
2804 0.0891371
2805 0.0895616
2806 0.0892727
2807 0.089396
2808 0.0894806
2809 0.0892595
2810 0.0890469
2811 0.089045
2812 0.0894417
2813 0.0906572
2814 0.0907652
2815 0.0896941
2816 0.0899497
2817 0.0892841
2818 0.0891825
2819 0.0890663
2820 0.0903317
2821 0.0914888
2822 0.0898883
2823 0.0909566
2824 0.0897322
2825 0.0901138
2826 0.0913242
2827 0.0891192
2828 0.0906067
2829 0.0892314
2830 0.0898874
2831 0.0888149
2832 0.0888801
2833 0.0896783
2834 0.0890388
2835 0.088893
2836 0.0898075
2837 0.0891635
2838 0.0905928
2839 0.0896808
2840 0.0902707
2841 0.0898117
2842 0.0902662
2843 0.0898046
2844 0.0889086
2845 0.0890879
2846 0.0889668
2847 0.0888369
2848 0.0891383
2849 0.0893889
2850 0.0888904
2851 0.0902423
2852 0.089348
2853 0.0889193
2854 0.0889712
2855 0.0897039
2856 0.0892858
2857 0.089201
2858 0.0907962
2859 0.0911688
2860 0.0892458
2861 0.0888077
2862 0.0891745
2863 0.0898199
2864 0.0906374
2865 0.0894669
2866 0.0899045
2867 0.0901268
2868 0.0892107
2869 0.0902617
2870 0.0902502
2871 0.0902966
2872 0.0893261
2873 0.0888421
2874 0.0899254
2875 0.0910236
2876 0.0912097
2877 0.0913807
2878 0.0897278
2879 0.0906407
2880 0.0894841
2881 0.0890333
2882 0.0884839
2883 0.0892109
2884 0.0887255
2885 0.0884616
2886 0.0893054
2887 0.0898478
2888 0.0904982
2889 0.089309
2890 0.0885576
2891 0.0885825
2892 0.0886199
2893 0.0885332
2894 0.0884583
2895 0.0896157
2896 0.0894669
2897 0.0889333
2898 0.090305
2899 0.0889955
2900 0.0887521
2901 0.0890479
2902 0.0885553
2903 0.0897064
2904 0.0892145
2905 0.0905068
2906 0.0897787
2907 0.0904482
2908 0.0891802
2909 0.0892779
2910 0.0902173
2911 0.0890491
2912 0.0903353
2913 0.0899793
2914 0.0904786
2915 0.0900342
2916 0.0889468
2917 0.0890869
2918 0.0903653
2919 0.090254
2920 0.0894706
2921 0.0895992
2922 0.0885445
2923 0.0893385
2924 0.0886104
2925 0.0899728
2926 0.0904203
2927 0.0891691
2928 0.0891897
2929 0.090301
2930 0.0888659
2931 0.0899565
2932 0.0889953
2933 0.0890889
2934 0.0890303
2935 0.0888405
2936 0.0885368
2937 0.0892386
2938 0.088316
2939 0.0895201
2940 0.088863
2941 0.0897953
2942 0.0886687
2943 0.0891397
2944 0.0892579
2945 0.0896368
2946 0.0886168
2947 0.0896725
2948 0.0883985
2949 0.088275
2950 0.0882558
2951 0.088865
2952 0.0898182
2953 0.088928
2954 0.0890365
2955 0.0902008
2956 0.0901434
2957 0.0889189
2958 0.0889859
2959 0.0884698
2960 0.089105
2961 0.0893567
2962 0.0886228
2963 0.0882991
2964 0.0893334
2965 0.0895879
2966 0.0887253
2967 0.0882485
2968 0.0881966
2969 0.0884917
2970 0.0895577
2971 0.0892627
2972 0.0886244
2973 0.088737
2974 0.0885615
2975 0.0895182
2976 0.0883618
2977 0.0881696
2978 0.0886584
2979 0.088247
2980 0.0882854
2981 0.0885213
2982 0.0881721
2983 0.0887668
2984 0.0896765
2985 0.0900754
2986 0.0904072
2987 0.0897904
2988 0.0891892
2989 0.0884243
2990 0.089604
2991 0.0880107
2992 0.0890194
2993 0.0881997
2994 0.0879684
2995 0.0887918
2996 0.0888164
2997 0.0896419
2998 0.0900842
2999 0.0885708
3000 0.0880098
3001 0.0886486
3002 0.0882459
3003 0.0889668
3004 0.0880026
3005 0.087903
3006 0.0881268
3007 0.0878723
3008 0.0887766
3009 0.0890761
3010 0.088094
3011 0.0883313
3012 0.0878451
3013 0.0877551
3014 0.0881895
3015 0.0894583
3016 0.0894448
3017 0.0884523
3018 0.0876531
3019 0.0879258
3020 0.0877378
3021 0.0880395
3022 0.0882162
3023 0.0881392
3024 0.0877592
3025 0.0883086
3026 0.0895045
3027 0.0883057
3028 0.0883513
3029 0.0879264
3030 0.087653
3031 0.088711
3032 0.0889978
3033 0.0896962
3034 0.0880783
3035 0.0876008
3036 0.0880846
3037 0.0877111
3038 0.0876272
3039 0.087599
3040 0.0888749
3041 0.088522
3042 0.0892145
3043 0.0900047
3044 0.0899899
3045 0.0902266
3046 0.0895542
3047 0.0880293
3048 0.0876218
3049 0.0881986
3050 0.088226
3051 0.0877614
3052 0.0875444
3053 0.0875692
3054 0.0875775
3055 0.0875059
3056 0.087902
3057 0.0877008
3058 0.0879434
3059 0.0888185
3060 0.0877972
3061 0.0889002
3062 0.0884508
3063 0.0878929
3064 0.0889311
3065 0.0875929
3066 0.0880553
3067 0.0884063
3068 0.0878088
3069 0.0874419
3070 0.0883406
3071 0.0878241
3072 0.0874944
3073 0.0877696
3074 0.0880087
3075 0.0889701
3076 0.0889178
3077 0.0893379
3078 0.0881997
3079 0.0885141
3080 0.0886255
3081 0.0887721
3082 0.0883834
3083 0.087266
3084 0.0885
3085 0.0882466
3086 0.088942
3087 0.0885874
3088 0.0894522
3089 0.0888571
3090 0.0879217
3091 0.0886951
3092 0.0883433
3093 0.0892655
3094 0.0890058
3095 0.0882047
3096 0.0885183
3097 0.0885421
3098 0.0877075
3099 0.0878407
3100 0.0877278
3101 0.0882628
3102 0.0881434
3103 0.0891611
3104 0.0878111
3105 0.0871988
3106 0.0873575
3107 0.0874961
3108 0.0884509
3109 0.0889548
3110 0.0890618
3111 0.0887267
3112 0.0876218
3113 0.0870128
3114 0.0870648
3115 0.0871411
3116 0.086953
3117 0.0876778
3118 0.0871564
3119 0.0874131
3120 0.0867587
3121 0.0867366
3122 0.0877557
3123 0.0875265
3124 0.0885851
3125 0.0878279
3126 0.0880348
3127 0.0874702
3128 0.08696
3129 0.0874923
3130 0.0874595
3131 0.0874986
3132 0.0870705
3133 0.0882512
3134 0.0883019
3135 0.088936
3136 0.0881246
3137 0.0880339
3138 0.0869185
3139 0.088061
3140 0.0886463
3141 0.0887909
3142 0.088
3143 0.0870309
3144 0.0876704
3145 0.0871144
3146 0.0870882
3147 0.0872686
3148 0.0867384
3149 0.0866918
3150 0.0878648
3151 0.0870969
3152 0.0872511
3153 0.0872838
3154 0.0881095
3155 0.0880482
3156 0.0866651
3157 0.0875802
3158 0.0884206
3159 0.0872818
3160 0.0865782
3161 0.0866767
3162 0.0873466
3163 0.0874132
3164 0.0877579
3165 0.0879436
3166 0.0877529
3167 0.0879666
3168 0.0866364
3169 0.0877011
3170 0.0869498
3171 0.0875123
3172 0.087534
3173 0.0872297
3174 0.0872385
3175 0.0872668
3176 0.0865786
3177 0.0865625
3178 0.0872316
3179 0.0877111
3180 0.0883258
3181 0.0874459
3182 0.0882903
3183 0.0871364
3184 0.0871315
3185 0.0871184
3186 0.0864545
3187 0.0866466
3188 0.0875011
3189 0.0867386
3190 0.0865533
3191 0.0870391
3192 0.0875582
3193 0.0866137
3194 0.0870618
3195 0.0868825
3196 0.0865597
3197 0.0876087
3198 0.0880249
3199 0.0869776
3200 0.0865396
3201 0.0876025
3202 0.0862348
3203 0.0871457
3204 0.0865354
3205 0.0862913
3206 0.0866626
3207 0.0876897
3208 0.0885806
3209 0.0882187
3210 0.0870265
3211 0.0868391
3212 0.0863273
3213 0.0861171
3214 0.0861997
3215 0.0873508
3216 0.086584
3217 0.087385
3218 0.0874905
3219 0.0862651
3220 0.08605
3221 0.0872271
3222 0.0877152
3223 0.0882066
3224 0.0868139
3225 0.086012
3226 0.086468
3227 0.0869662
3228 0.0860033
3229 0.0862842
3230 0.0860922
3231 0.0869769
3232 0.086626
3233 0.0861877
3234 0.0871281
3235 0.0860907
3236 0.0862483
3237 0.0859843
3238 0.086291
3239 0.0865777
3240 0.0871922
3241 0.0879437
3242 0.0880169
3243 0.0870591
3244 0.086312
3245 0.0870715
3246 0.0879053
3247 0.0860368
3248 0.086296
3249 0.0859268
3250 0.0861909
3251 0.0860489
3252 0.0862284
3253 0.0862034
3254 0.0872104
3255 0.0875303
3256 0.0858583
3257 0.0857149
3258 0.0858958
3259 0.086388
3260 0.0873238
3261 0.087881
3262 0.0881536
3263 0.0879403
3264 0.0884871
3265 0.0863372
3266 0.0859521
3267 0.087039
3268 0.0865802
3269 0.0864221
3270 0.0872982
3271 0.0875537
3272 0.0870456
3273 0.0856029
3274 0.0855223
3275 0.0861171
3276 0.087035
3277 0.0855816
3278 0.0854545
3279 0.0855705
3280 0.0854394
3281 0.0866515
3282 0.08538
3283 0.0852832
3284 0.0853036
3285 0.08554
3286 0.0853039
3287 0.0853486
3288 0.0855492
3289 0.0863238
3290 0.0857546
3291 0.0869383
3292 0.0859471
3293 0.0855378
3294 0.0865838
3295 0.0861569
3296 0.0865462
3297 0.0862375
3298 0.0857063
3299 0.0858445
3300 0.0862219
3301 0.0854373
3302 0.0856505
3303 0.0852568
3304 0.0855036
3305 0.0864579
3306 0.0861566
3307 0.0869389
3308 0.0871222
3309 0.0858191
3310 0.0853036
3311 0.0851064
3312 0.0857056
3313 0.0857094
3314 0.0860495
3315 0.0854557
3316 0.0856246
3317 0.0850435
3318 0.0857383
3319 0.0857633
3320 0.0865283
3321 0.0860177
3322 0.0859291
3323 0.0869264
3324 0.0857087
3325 0.0852614
3326 0.0860251
3327 0.0862134
3328 0.0850671
3329 0.0851103
3330 0.086168
3331 0.0857406
3332 0.0864995
3333 0.0854855
3334 0.0860667
3335 0.0857603
3336 0.0853681
3337 0.0857208
3338 0.086268
3339 0.0868662
3340 0.0860332
3341 0.0859014
3342 0.0849401
3343 0.0851624
3344 0.0853016
3345 0.0854606
3346 0.0864068
3347 0.0868293
3348 0.0871565
3349 0.0861013
3350 0.0864289
3351 0.0858833
3352 0.085827
3353 0.0862288
3354 0.0860365
3355 0.0848943
3356 0.0858806
3357 0.0851338
3358 0.086098
3359 0.0866602
3360 0.0853754
3361 0.0854599
3362 0.0857256
3363 0.0864724
3364 0.086805
3365 0.0872891
3366 0.0855937
3367 0.0853574
3368 0.0848264
3369 0.0844008
3370 0.0850365
3371 0.0856063
3372 0.0857212
3373 0.0857761
3374 0.0847744
3375 0.0847699
3376 0.0843283
3377 0.0843258
3378 0.0850001
3379 0.0854344
3380 0.085753
3381 0.0849308
3382 0.0843354
3383 0.084572
3384 0.0843222
3385 0.0847761
3386 0.0844734
3387 0.084355
3388 0.0845029
3389 0.0849059
3390 0.0848909
3391 0.0848556
3392 0.0857091
3393 0.0851434
3394 0.085039
3395 0.0855795
3396 0.0847727
3397 0.0850031
3398 0.0846627
3399 0.0847803
3400 0.0849496
3401 0.0848847
3402 0.0848512
3403 0.0848792
3404 0.0853876
3405 0.0846322
3406 0.0843318
3407 0.0841803
3408 0.0840644
3409 0.0840189
3410 0.0841272
3411 0.0840186
3412 0.0842891
3413 0.0840803
3414 0.084467
3415 0.0840045
3416 0.0846578
3417 0.0846698
3418 0.0845348
3419 0.0853151
3420 0.0853485
3421 0.0858845
3422 0.0849305
3423 0.0856383
3424 0.08445
3425 0.0850786
3426 0.0843256
3427 0.0839945
3428 0.083884
3429 0.084687
3430 0.0841722
3431 0.0842789
3432 0.0851431
3433 0.0842515
3434 0.0838276
3435 0.084232
3436 0.083929
3437 0.0842089
3438 0.0838452
3439 0.0838134
3440 0.0838069
3441 0.0845098
3442 0.0855041
3443 0.0843029
3444 0.0838533
3445 0.0843546
3446 0.0840642
3447 0.0846341
3448 0.0839784
3449 0.083658
3450 0.0834633
3451 0.0835225
3452 0.0834455
3453 0.0842165
3454 0.0842057
3455 0.0834777
3456 0.0836399
3457 0.0834881
3458 0.0836801
3459 0.0834221
3460 0.0834088
3461 0.0833277
3462 0.0838566
3463 0.0835134
3464 0.0837916
3465 0.0833479
3466 0.0833473
3467 0.0834923
3468 0.0845314
3469 0.0837424
3470 0.0835052
3471 0.0837056
3472 0.0839385
3473 0.0838594
3474 0.0833609
3475 0.0841372
3476 0.0843917
3477 0.0836158
3478 0.0845019
3479 0.0838673
3480 0.0838425
3481 0.0843804
3482 0.0835172
3483 0.0835367
3484 0.0830896
3485 0.0830521
3486 0.0837793
3487 0.0840265
3488 0.0842099
3489 0.0845273
3490 0.0840582
3491 0.0846066
3492 0.084748
3493 0.083289
3494 0.0830251
3495 0.0829533
3496 0.082971
3497 0.0831418
3498 0.0830809
3499 0.0833319
3500 0.0842789
3501 0.0848237
3502 0.0842279
3503 0.0833953
3504 0.0828643
3505 0.0837031
3506 0.0830856
3507 0.082797
3508 0.082709
3509 0.083291
3510 0.0828728
3511 0.0837165
3512 0.0837819
3513 0.0833145
3514 0.0838484
3515 0.0831052
3516 0.0830982
3517 0.0828195
3518 0.082619
3519 0.0826381
3520 0.0831739
3521 0.0843116
3522 0.0827193
3523 0.0830042
3524 0.0831549
3525 0.0837313
3526 0.0834544
3527 0.0828571
3528 0.0825061
3529 0.0834997
3530 0.0831433
3531 0.084021
3532 0.0841978
3533 0.0824761
3534 0.0823354
3535 0.0826699
3536 0.0827454
3537 0.0839103
3538 0.0827716
3539 0.0825087
3540 0.0822581
3541 0.0822968
3542 0.0822772
3543 0.0823493
3544 0.0822537
3545 0.0830144
3546 0.0834867
3547 0.0826231
3548 0.0835635
3549 0.0825672
3550 0.0832895
3551 0.0830432
3552 0.0822172
3553 0.0820702
3554 0.0820336
3555 0.0822096
3556 0.0826476
3557 0.0826817
3558 0.082788
3559 0.0834032
3560 0.0840286
3561 0.0840186
3562 0.08293
3563 0.0820055
3564 0.0822615
3565 0.0825662
3566 0.0821306
3567 0.0820162
3568 0.0829079
3569 0.0820978
3570 0.0822096
3571 0.0827519
3572 0.0838051
3573 0.084167
3574 0.0843105
3575 0.0823064
3576 0.0822922
3577 0.081819
3578 0.0817723
3579 0.0819393
3580 0.0826266
3581 0.0833835
3582 0.0824143
3583 0.0829257
3584 0.0835373
3585 0.0839147
3586 0.0841316
3587 0.0843256
3588 0.083554
3589 0.083286
3590 0.0826778
3591 0.0822098
3592 0.0831714
3593 0.0828756
3594 0.0819491
3595 0.0831569
3596 0.0830771
3597 0.0818755
3598 0.0819332
3599 0.0825838
3600 0.0831432
3601 0.0830902
3602 0.0817537
3603 0.0824553
3604 0.0834342
3605 0.0817984
3606 0.0815179
3607 0.0817028
3608 0.0817979
3609 0.0822874
3610 0.0820741
3611 0.0815694
3612 0.0824878
3613 0.0827381
3614 0.0817441
3615 0.0818077
3616 0.0816172
3617 0.0816442
3618 0.0812477
3619 0.0811121
3620 0.0810725
3621 0.081181
3622 0.0811827
3623 0.0811937
3624 0.082326
3625 0.0828732
3626 0.0829504
3627 0.0812877
3628 0.080987
3629 0.0816288
3630 0.0809552
3631 0.0810057
3632 0.0810151
3633 0.0810659
3634 0.0811603
3635 0.0823209
3636 0.081834
3637 0.0818772
3638 0.0827504
3639 0.0826646
3640 0.0825662
3641 0.0820351
3642 0.0824069
3643 0.0824099
3644 0.0818574
3645 0.0810602
3646 0.0821466
3647 0.0823588
3648 0.0810196
3649 0.0817552
3650 0.0815372
3651 0.0806693
3652 0.0816342
3653 0.0808355
3654 0.0819906
3655 0.0806663
3656 0.0818665
3657 0.0810597
3658 0.0820504
3659 0.082053
3660 0.0805563
3661 0.0813249
3662 0.0805732
3663 0.0808028
3664 0.0803568
3665 0.0807857
3666 0.0818977
3667 0.0823285
3668 0.0807759
3669 0.0811809
3670 0.0815877
3671 0.0805515
3672 0.080069
3673 0.0803253
3674 0.0811558
3675 0.0802493
3676 0.0800384
3677 0.0799974
3678 0.0800147
3679 0.0809046
3680 0.081277
3681 0.0803728
3682 0.0804229
3683 0.0815697
3684 0.0820108
3685 0.0805187
3686 0.0797919
3687 0.0797244
3688 0.0797003
3689 0.0797326
3690 0.0797823
3691 0.0796225
3692 0.0796175
3693 0.0796537
3694 0.079656
3695 0.0795932
3696 0.0796468
3697 0.0797516
3698 0.0796779
3699 0.0797588
3700 0.0794197
3701 0.0794564
3702 0.0793986
3703 0.0795746
3704 0.0795199
3705 0.0798171
3706 0.0803122
3707 0.0798147
3708 0.080953
3709 0.0805181
3710 0.0806846
3711 0.079671
3712 0.0792623
3713 0.0793296
3714 0.0796816
3715 0.0792635
3716 0.0798927
3717 0.0793477
3718 0.0794222
3719 0.0792397
3720 0.0801489
3721 0.0794925
3722 0.0798379
3723 0.0802047
3724 0.079475
3725 0.079111
3726 0.0798807
3727 0.0799436
3728 0.0793408
3729 0.0792756
3730 0.0794119
3731 0.0804545
3732 0.0803466
3733 0.0800673
3734 0.080168
3735 0.0789394
3736 0.0788431
3737 0.0789654
3738 0.0787985
3739 0.079776
3740 0.0804371
3741 0.0797882
3742 0.0806397
3743 0.0800646
3744 0.0797576
3745 0.0789725
3746 0.0786577
3747 0.0793675
3748 0.0806583
3749 0.0807145
3750 0.0803301
3751 0.0791317
3752 0.079031
3753 0.0793913
3754 0.078475
3755 0.0792393
3756 0.0786442
3757 0.0785
3758 0.0789239
3759 0.079553
3760 0.0791884
3761 0.0783923
3762 0.0796558
3763 0.0786052
3764 0.0793695
3765 0.079073
3766 0.0789653
3767 0.0784143
3768 0.0790377
3769 0.0784496
3770 0.0785019
3771 0.0781492
3772 0.0781838
3773 0.0781825
3774 0.078154
3775 0.0780853
3776 0.0782021
3777 0.0779839
3778 0.0779246
3779 0.0779819
3780 0.0790886
3781 0.078681
3782 0.0778654
3783 0.0778347
3784 0.0780541
3785 0.0788732
3786 0.0779155
3787 0.0791402
3788 0.0786405
3789 0.0777393
3790 0.0776617
3791 0.0783941
3792 0.0777914
3793 0.0780673
3794 0.0776449
3795 0.0776539
3796 0.0777279
3797 0.0792623
3798 0.0795536
3799 0.0781783
3800 0.0784486
3801 0.0781072
3802 0.079327
3803 0.0786755
3804 0.0783591
3805 0.0779727
3806 0.077385
3807 0.0788536
3808 0.0799331
3809 0.0794624
3810 0.0796407
3811 0.0774485
3812 0.0782579
3813 0.0781013
3814 0.0779179
3815 0.0776074
3816 0.0779675
3817 0.0787183
3818 0.0782142
3819 0.0778265
3820 0.0778917
3821 0.0785225
3822 0.0794466
3823 0.0777579
3824 0.0778939
3825 0.0769353
3826 0.0770687
3827 0.0768613
3828 0.0770023
3829 0.0768564
3830 0.0767279
3831 0.076675
3832 0.0782235
3833 0.0788182
3834 0.0771119
3835 0.0765362
3836 0.076816
3837 0.0770856
3838 0.0778213
3839 0.0776116
3840 0.0766886
3841 0.0765131
3842 0.0768366
3843 0.0780251
3844 0.079014
3845 0.0783222
3846 0.0767847
3847 0.0776837
3848 0.0781881
3849 0.0780275
3850 0.0779413
3851 0.0774453
3852 0.0780645
3853 0.0777307
3854 0.0765517
3855 0.0774539
3856 0.0778976
3857 0.0770347
3858 0.0763156
3859 0.0772976
3860 0.0771491
3861 0.0782019
3862 0.0766619
3863 0.0761198
3864 0.0774451
3865 0.0783612
3866 0.0765464
3867 0.0779515
3868 0.076303
3869 0.0770383
3870 0.0763494
3871 0.0758094
3872 0.0761479
3873 0.0755238
3874 0.0756281
3875 0.0754694
3876 0.0756022
3877 0.0754808
3878 0.076819
3879 0.0755983
3880 0.0764302
3881 0.0771692
3882 0.0752776
3883 0.075757
3884 0.0775015
3885 0.0751695
3886 0.0752305
3887 0.075346
3888 0.0755474
3889 0.0754375
3890 0.0764371
3891 0.0776178
3892 0.0770991
3893 0.0755264
3894 0.0771634
3895 0.0770526
3896 0.0767609
3897 0.0753764
3898 0.0748123
3899 0.0748994
3900 0.0752392
3901 0.0746959
3902 0.0750134
3903 0.0750055
3904 0.0765661
3905 0.0769423
3906 0.0768288
3907 0.0757752
3908 0.0765126
3909 0.0758026
3910 0.0747255
3911 0.0764151
3912 0.0748021
3913 0.0750658
3914 0.0763927
3915 0.0764475
3916 0.0752638
3917 0.074871
3918 0.074091
3919 0.0743271
3920 0.0740424
3921 0.0751412
3922 0.0757382
3923 0.0759656
3924 0.0745116
3925 0.0745318
3926 0.0751287
3927 0.0750525
3928 0.0753107
3929 0.0749775
3930 0.0763075
3931 0.0755167
3932 0.0751565
3933 0.0762338
3934 0.0758949
3935 0.074277
3936 0.075207
3937 0.0741994
3938 0.0743256
3939 0.0736919
3940 0.0735684
3941 0.0743788
3942 0.0741154
3943 0.0759764
3944 0.0750767
3945 0.0748064
3946 0.0761794
3947 0.0746602
3948 0.0757475
3949 0.0757169
3950 0.0730707
3951 0.0736907
3952 0.0737726
3953 0.0741282
3954 0.0731946
3955 0.0743277
3956 0.0730201
3957 0.0740232
3958 0.0757649
3959 0.0755924
3960 0.0764805
3961 0.0735755
3962 0.0727744
3963 0.0748487
3964 0.0727691
3965 0.0733448
3966 0.0734586
3967 0.0725312
3968 0.0726094
3969 0.0725288
3970 0.0731512
3971 0.0724846
3972 0.0735547
3973 0.0724144
3974 0.0722824
3975 0.0729925
3976 0.0726656
3977 0.0729651
3978 0.0746617
3979 0.0726751
3980 0.0739198
3981 0.0723444
3982 0.0718281
3983 0.0724156
3984 0.0732323
3985 0.0735537
3986 0.0721779
3987 0.0717741
3988 0.0723653
3989 0.0731786
3990 0.0720157
3991 0.0720204
3992 0.0715702
3993 0.0717346
3994 0.0715097
3995 0.0740951
3996 0.0724924
3997 0.0711642
3998 0.0710939
3999 0.0717053
4000 0.0733337
4001 0.0720095
4002 0.0724407
4003 0.0715546
4004 0.0726061
4005 0.0708359
4006 0.0707977
4007 0.0731786
4008 0.0729136
4009 0.0709577
4010 0.071997
4011 0.0707243
4012 0.0705508
4013 0.0705425
4014 0.0703632
4015 0.0708618
4016 0.0735571
4017 0.0722724
4018 0.0712624
4019 0.0707965
4020 0.0716038
4021 0.0735573
4022 0.0709832
4023 0.0709686
4024 0.0705698
4025 0.0707879
4026 0.0698862
4027 0.0727444
4028 0.0725615
4029 0.0702438
4030 0.0728386
4031 0.0725827
4032 0.0708082
4033 0.0693736
4034 0.0702955
4035 0.0719125
4036 0.0731942
4037 0.0692374
4038 0.0692327
4039 0.0701598
4040 0.0704239
4041 0.0715034
4042 0.0719665
4043 0.0695653
4044 0.0692076
4045 0.0705166
4046 0.0719255
4047 0.069191
4048 0.0722775
4049 0.0719252
4050 0.0716332
4051 0.0692555
4052 0.0697575
4053 0.0687821
4054 0.0693055
4055 0.0686991
4056 0.0689963
4057 0.0718912
4058 0.0712738
4059 0.0726713
4060 0.0697384
4061 0.0716475
4062 0.0695377
4063 0.0687228
4064 0.067942
4065 0.0682026
4066 0.0680847
4067 0.0677713
4068 0.0677717
4069 0.0691667
4070 0.071252
4071 0.0679895
4072 0.0687078
4073 0.0675773
4074 0.0678511
4075 0.0681323
4076 0.0676644
4077 0.0673675
4078 0.067654
4079 0.0676829
4080 0.0673131
4081 0.0674691
4082 0.0678242
4083 0.0674123
4084 0.0674311
4085 0.0669937
4086 0.0674493
4087 0.0668833
4088 0.067006
4089 0.0676873
4090 0.0668082
4091 0.0668477
4092 0.0667996
4093 0.0669228
4094 0.0665125
4095 0.0679193
4096 0.0703885
4097 0.0670892
4098 0.0668118
4099 0.0690208
4100 0.0662956
4101 0.0677183
4102 0.068681
4103 0.068743
4104 0.0678403
4105 0.0684643
4106 0.0692847
4107 0.0706123
4108 0.0661617
4109 0.0679316
4110 0.0660127
4111 0.0666625
4112 0.0659524
4113 0.0663471
4114 0.0667585
4115 0.0658704
4116 0.0658118
4117 0.0654556
4118 0.0658718
4119 0.0667156
4120 0.0654056
4121 0.0669789
4122 0.0658732
4123 0.0652559
4124 0.0657526
4125 0.0661538
4126 0.0649047
4127 0.0649255
4128 0.0685328
4129 0.0648283
4130 0.0648565
4131 0.0654135
4132 0.0648782
4133 0.0644368
4134 0.0654662
4135 0.0657653
4136 0.069201
4137 0.0646544
4138 0.0642679
4139 0.0655391
4140 0.0668989
4141 0.0662428
4142 0.0658613
4143 0.0639655
4144 0.0660681
4145 0.0687921
4146 0.0643428
4147 0.06878
4148 0.0639131
4149 0.0653257
4150 0.0633306
4151 0.063535
4152 0.0633955
4153 0.0629987
4154 0.0635782
4155 0.0675636
4156 0.0638231
4157 0.0629806
4158 0.0626228
4159 0.0629885
4160 0.063214
4161 0.0656677
4162 0.0651142
4163 0.0678237
4164 0.0657493
4165 0.0678754
4166 0.0651578
4167 0.0641753
4168 0.0644621
4169 0.0670555
4170 0.0644632
4171 0.0619813
4172 0.0631443
4173 0.0623683
4174 0.064433
4175 0.0638993
4176 0.065168
4177 0.0629021
4178 0.0622777
4179 0.0617245
4180 0.0615245
4181 0.0661073
4182 0.0611874
4183 0.0626169
4184 0.0648789
4185 0.0634467
4186 0.0643926
4187 0.0608536
4188 0.0663006
4189 0.0610996
4190 0.0657755
4191 0.0602894
4192 0.060374
4193 0.0619605
4194 0.0628272
4195 0.0635147
4196 0.0639805
4197 0.0644159
4198 0.0662209
4199 0.0646442
4200 0.0625087
4201 0.0610345
4202 0.0598138
4203 0.0599482
4204 0.0598396
4205 0.061949
4206 0.0653644
4207 0.0655418
4208 0.0589726
4209 0.0611464
4210 0.0588811
4211 0.0590622
4212 0.0652325
4213 0.0597869
4214 0.0649165
4215 0.0619141
4216 0.0649165
4217 0.0586111
4218 0.0647176
4219 0.0655334
4220 0.0624804
4221 0.0628131
4222 0.0628322
4223 0.0648048
4224 0.0621362
4225 0.057644
4226 0.0593032
4227 0.0592013
4228 0.057529
4229 0.0594032
4230 0.0652158
4231 0.0606328
4232 0.0604879
4233 0.0569582
4234 0.058227
4235 0.064003
4236 0.0579542
4237 0.0577778
4238 0.0584402
4239 0.0641812
4240 0.0564385
4241 0.0592404
4242 0.0629415
4243 0.0638265
4244 0.0561104
4245 0.0642913
4246 0.0567226
4247 0.0587164
4248 0.0631122
4249 0.0608467
4250 0.0558579
4251 0.0582106
4252 0.0552541
4253 0.0641753
4254 0.0635196
4255 0.0560247
4256 0.0592387
4257 0.0546353
4258 0.0638246
4259 0.0545255
4260 0.0551275
4261 0.0591755
4262 0.0562071
4263 0.0560472
4264 0.0542144
4265 0.064172
4266 0.0548271
4267 0.0570483
4268 0.0538052
4269 0.0564832
4270 0.0539636
4271 0.0558623
4272 0.0618053
4273 0.0537527
4274 0.0620239
4275 0.0536877
4276 0.0561254
4277 0.0576309
4278 0.0558694
4279 0.0525417
4280 0.0524446
4281 0.0522684
4282 0.0543524
4283 0.0537713
4284 0.0542838
4285 0.0521724
4286 0.0562146
4287 0.0523481
4288 0.055976
4289 0.0530647
4290 0.0558748
4291 0.0537471
4292 0.0538694
4293 0.0531078
4294 0.0548171
4295 0.0515223
4296 0.051856
4297 0.0523382
4298 0.0507933
4299 0.0542369
4300 0.0565623
4301 0.0558453
4302 0.052019
4303 0.0504037
4304 0.0518121
4305 0.0526396
4306 0.0504267
4307 0.0535637
4308 0.049911
4309 0.0531016
4310 0.0511735
4311 0.0528549
4312 0.0551185
4313 0.0524798
4314 0.0585886
4315 0.0554706
4316 0.0498936
4317 0.0507341
4318 0.051927
4319 0.0495578
4320 0.0506148
4321 0.0486447
4322 0.0522421
4323 0.0569513
4324 0.0517724
4325 0.0488821
4326 0.0531815
4327 0.0621375
4328 0.0473625
4329 0.0507625
4330 0.050111
4331 0.0509514
4332 0.0559415
4333 0.0559063
4334 0.0501457
4335 0.0532484
4336 0.0498414
4337 0.0498214
4338 0.0504463
4339 0.0498862
4340 0.0505027
4341 0.06141
4342 0.0471793
4343 0.0564592
4344 0.04578
4345 0.0485182
4346 0.0499307
4347 0.0491606
4348 0.049509
4349 0.0508088
4350 0.0454188
4351 0.052456
4352 0.0453302
4353 0.0497261
4354 0.0457269
4355 0.0507648
4356 0.0537762
4357 0.0562603
4358 0.0526161
4359 0.0560676
4360 0.0522944
4361 0.0537436
4362 0.0465376
4363 0.0482102
4364 0.0484729
4365 0.0482376
4366 0.0505796
4367 0.0598018
4368 0.0435614
4369 0.0482487
4370 0.0498095
4371 0.0467459
4372 0.0426581
4373 0.0473161
4374 0.0426825
4375 0.0455787
4376 0.0472218
4377 0.0459806
4378 0.0475668
4379 0.0500716
4380 0.0539933
4381 0.0539771
4382 0.0456415
4383 0.0477288
4384 0.0440272
4385 0.054004
4386 0.0447851
4387 0.0462722
4388 0.0435271
4389 0.0463878
4390 0.0451761
4391 0.0430987
4392 0.0485513
4393 0.0419653
4394 0.0479674
4395 0.0472142
4396 0.0554503
4397 0.0465902
4398 0.0424658
4399 0.0542399
4400 0.0456491
4401 0.0414402
4402 0.0473104
4403 0.0516884
4404 0.0441289
4405 0.0427343
4406 0.0430332
4407 0.0447021
4408 0.0464749
4409 0.0525787
4410 0.0435724
4411 0.043974
4412 0.0463489
4413 0.0567433
4414 0.0374578
4415 0.0416537
4416 0.0435056
4417 0.0411976
4418 0.0421632
4419 0.0417554
4420 0.0445948
4421 0.0383247
4422 0.0425425
4423 0.0449681
4424 0.0395963
4425 0.0425004
4426 0.0458774
4427 0.0427967
4428 0.0411178
4429 0.0415052
4430 0.0463832
4431 0.0471459
4432 0.0426193
4433 0.0478552
4434 0.0445706
4435 0.0441988
4436 0.0427698
4437 0.0485275
4438 0.048748
4439 0.0346203
4440 0.0503052
4441 0.0413822
4442 0.0492739
4443 0.0483198
4444 0.0502703
4445 0.0521685
4446 0.0434229
4447 0.0461557
4448 0.0494391
4449 0.0472122
4450 0.0373977
4451 0.0406542
4452 0.0326931
4453 0.0335615
4454 0.0341907
4455 0.0438145
4456 0.0326806
4457 0.048641
4458 0.0440645
4459 0.041515
4460 0.0433013
4461 0.0331125
4462 0.0473879
4463 0.0396137
4464 0.0383781
4465 0.0458558
4466 0.0357392
4467 0.045955
4468 0.0394124
4469 0.0430462
4470 0.033822
4471 0.0400883
4472 0.0297096
4473 0.0428331
4474 0.0420074
4475 0.0419288
4476 0.0397878
4477 0.0375947
4478 0.0386516
4479 0.0430909
4480 0.0323874
4481 0.0430752
4482 0.0450363
4483 0.0384437
4484 0.037766
4485 0.0416299
4486 0.0333679
4487 0.041191
4488 0.0383121
4489 0.0430339
4490 0.0303065
4491 0.0376831
4492 0.0388113
4493 0.0309743
4494 0.0319964
4495 0.034814
4496 0.0361826
4497 0.0321927
4498 0.0342544
4499 0.0329554
4500 0.0452243
4501 0.0357264
4502 0.0360277
4503 0.0325216
4504 0.0431795
4505 0.0277268
4506 0.0278109
4507 0.0317095
4508 0.0324463
4509 0.0306202
4510 0.0344515
4511 0.0455326
4512 0.0340027
4513 0.0450445
4514 0.0339667
4515 0.0376124
4516 0.0336636
4517 0.0335809
4518 0.0328258
4519 0.0277212
4520 0.0284306
4521 0.0329093
4522 0.0308131
4523 0.023008
4524 0.0387048
4525 0.0380212
4526 0.0374387
4527 0.0283881
4528 0.0278415
4529 0.0295297
4530 0.0335674
4531 0.0292713
4532 0.0381467
4533 0.0310197
4534 0.0276653
4535 0.0244053
4536 0.0295521
4537 0.0364284
4538 0.0213896
4539 0.0369722
4540 0.031824
4541 0.0225806
4542 0.0332107
4543 0.0296939
4544 0.029551
4545 0.036997
4546 0.0352923
4547 0.03048
4548 0.0301555
4549 0.023003
4550 0.0353916
4551 0.0260945
4552 0.027371
4553 0.0417722
4554 0.0347613
4555 0.0347804
4556 0.0289625
4557 0.0351522
4558 0.0307614
4559 0.0353187
4560 0.0244191
4561 0.0352924
4562 0.0222637
4563 0.0262921
4564 0.0188688
4565 0.0280739
4566 0.022269
4567 0.0267933
4568 0.0317419
4569 0.0289598
4570 0.0279964
4571 0.0186165
4572 0.0297742
4573 0.0175667
4574 0.0200892
4575 0.0209652
4576 0.031717
4577 0.0262822
4578 0.0373618
4579 0.0230401
4580 0.0215869
4581 0.0332042
4582 0.0236818
4583 0.0328517
4584 0.0171674
4585 0.0276687
4586 0.0255333
4587 0.0293726
4588 0.0192573
4589 0.0156672
4590 0.019198
4591 0.0266319
4592 0.0165551
4593 0.0256249
4594 0.0330974
4595 0.0295937
4596 0.0152576
4597 0.0240809
4598 0.0208117
4599 0.0179986
4600 0.0318499
4601 0.0213639
4602 0.030246
4603 0.0172409
4604 0.0202248
4605 0.0190732
4606 0.0325129
4607 0.0219011
4608 0.015869
4609 0.0191126
4610 0.0144806
4611 0.0213154
4612 0.0213142
4613 0.0190418
4614 0.0186961
4615 0.0155886
4616 0.03258
4617 0.0249212
4618 0.014698
4619 0.0192687
4620 0.0190442
4621 0.0155806
4622 0.0279892
4623 0.0193716
4624 0.0168681
4625 0.0160628
4626 0.0164306
4627 0.0148425
4628 0.0128227
4629 0.0152178
4630 0.0146116
4631 0.0234031
4632 0.0190947
4633 0.019224
4634 0.0176676
4635 0.0145097
4636 0.0215835
4637 0.0161082
4638 0.0152196
4639 0.0132286
4640 0.0139934
4641 0.0132134
4642 0.0142611
4643 0.0239976
4644 0.0185906
4645 0.0146144
4646 0.0133099
4647 0.0138208
4648 0.0207469
4649 0.0145175
4650 0.0249503
4651 0.0204868
4652 0.0125034
4653 0.0104818
4654 0.0109147
4655 0.016317
4656 0.0156819
4657 0.0185094
4658 0.0109363
4659 0.00986779
4660 0.0145733
4661 0.0130802
4662 0.0106519
4663 0.0130681
4664 0.0105632
4665 0.0108692
4666 0.0162438
4667 0.0149064
4668 0.0119901
4669 0.0142967
4670 0.00912458
4671 0.0128526
4672 0.0143447
4673 0.010973
4674 0.010263
4675 0.0105266
4676 0.0147198
4677 0.00868242
4678 0.0105452
4679 0.0155267
4680 0.0127207
4681 0.00943975
4682 0.00943493
4683 0.00842326
4684 0.00917431
4685 0.00945206
4686 0.0128352
4687 0.00818982
4688 0.00834435
4689 0.0116454
4690 0.01009
4691 0.0129539
4692 0.011738
4693 0.00944791
4694 0.00862904
4695 0.00805701
4696 0.00996247
4697 0.00977462
4698 0.00931001
4699 0.0121114
4700 0.00948605
4701 0.00933325
4702 0.0112553
4703 0.0106481
4704 0.00878439
4705 0.0109218
4706 0.00796789
4707 0.0104359
4708 0.0102919
4709 0.0088704
4710 0.00795263
4711 0.00876428
4712 0.0120077
4713 0.0102753
4714 0.00950013
4715 0.00885736
4716 0.00736474
4717 0.0104483
4718 0.00757689
4719 0.00799693
4720 0.00996759
4721 0.00801404
4722 0.00743726
4723 0.00764834
4724 0.00711404
4725 0.00834
4726 0.00934153
4727 0.00826279
4728 0.00682509
4729 0.00848126
4730 0.00777316
4731 0.00766111
4732 0.00892899
4733 0.0068254
4734 0.00713808
4735 0.00897535
4736 0.00836661
4737 0.00869269
4738 0.0071316
4739 0.00987398
4740 0.00833787
4741 0.00670421
4742 0.00737705
4743 0.00662195
4744 0.00846807
4745 0.00711389
4746 0.00687473
4747 0.00668418
4748 0.00691141
4749 0.00831341
4750 0.00753611
4751 0.00775341
4752 0.00746007
4753 0.00732424
4754 0.00733983
4755 0.00757023
4756 0.00757451
4757 0.00747492
4758 0.00746146
4759 0.00717985
4760 0.00717139
4761 0.00740235
4762 0.00726524
4763 0.00613747
4764 0.0072397
4765 0.00637059
4766 0.0060167
4767 0.00602045
4768 0.00745214
4769 0.00674834
4770 0.00663874
4771 0.00564482
4772 0.00593544
4773 0.00621133
4774 0.00672862
4775 0.00554392
4776 0.00556703
4777 0.00576298
4778 0.00574955
4779 0.00607166
4780 0.00639548
4781 0.00577624
4782 0.00637835
4783 0.00549883
4784 0.0055148
4785 0.00561476
4786 0.00551401
4787 0.00624571
4788 0.0056511
4789 0.00641561
4790 0.00536068
4791 0.00575467
4792 0.00629364
4793 0.00556523
4794 0.00604947
4795 0.00594994
4796 0.0052407
4797 0.00510669
4798 0.00526211
4799 0.00593304
4800 0.00503509
4801 0.00576121
4802 0.00500035
4803 0.00500765
4804 0.00592397
4805 0.00507122
4806 0.00539665
4807 0.00514344
4808 0.00502188
4809 0.00567496
4810 0.00483706
4811 0.00522754
4812 0.00557912
4813 0.00550959
4814 0.00551755
4815 0.00480325
4816 0.00562796
4817 0.00472201
4818 0.00481905
4819 0.00507605
4820 0.00507841
4821 0.00471719
4822 0.004831
4823 0.00466408
4824 0.0052516
4825 0.00459547
4826 0.00469874
4827 0.00466108
4828 0.00479752
4829 0.00458099
4830 0.00505926
4831 0.00455257
4832 0.00502215
4833 0.00458175
4834 0.00450801
4835 0.00517984
4836 0.00453336
4837 0.00492113
4838 0.00451271
4839 0.00511112
4840 0.00449483
4841 0.00492316
4842 0.00440872
4843 0.00447219
4844 0.00466513
4845 0.00463774
4846 0.0048521
4847 0.00480579
4848 0.00432776
4849 0.00426776
4850 0.00425071
4851 0.00442542
4852 0.00471257
4853 0.00466816
4854 0.00477652
4855 0.00422954
4856 0.00419901
4857 0.00439957
4858 0.00446104
4859 0.00453591
4860 0.00431446
4861 0.00422329
4862 0.00448357
4863 0.00448889
4864 0.00449843
4865 0.00448551
4866 0.00411652
4867 0.00403228
4868 0.00399881
4869 0.004206
4870 0.00410687
4871 0.00433354
4872 0.00399864
4873 0.00405506
4874 0.0039878
4875 0.00392422
4876 0.00394667
4877 0.00396421
4878 0.00414382
4879 0.00437335
4880 0.00434756
4881 0.00389426
4882 0.00428582
4883 0.00399425
4884 0.00382575
4885 0.00389052
4886 0.00381631
4887 0.00380579
4888 0.00407283
4889 0.00392313
4890 0.00392153
4891 0.00379184
4892 0.00388342
4893 0.00389224
4894 0.00393219
4895 0.00370069
4896 0.00381513
4897 0.0037922
4898 0.00387915
4899 0.00385999
4900 0.0036565
4901 0.00369387
4902 0.0037769
4903 0.0036298
4904 0.00364696
4905 0.00386088
4906 0.00389626
4907 0.00364302
4908 0.00381769
4909 0.00367824
4910 0.0038991
4911 0.00364943
4912 0.00362195
4913 0.00354939
4914 0.00375089
4915 0.00378335
4916 0.00358255
4917 0.00349303
4918 0.00354333
4919 0.00368481
4920 0.00356122
4921 0.00344614
4922 0.00345985
4923 0.00355666
4924 0.00355805
4925 0.00354632
4926 0.00353282
4927 0.00367099
4928 0.00340512
4929 0.00340788
4930 0.00357323
4931 0.00367293
4932 0.00338463
4933 0.00335624
4934 0.00347672
4935 0.00333348
4936 0.00336837
4937 0.00335924
4938 0.00344171
4939 0.00337092
4940 0.0035201
4941 0.00334924
4942 0.00328203
4943 0.003392
4944 0.00340672
4945 0.00331013
4946 0.00339415
4947 0.00323114
4948 0.00327851
4949 0.00336826
4950 0.00320218
4951 0.00341962
4952 0.003405
4953 0.00324089
4954 0.0033886
4955 0.00319284
4956 0.0032493
4957 0.00317101
4958 0.00314073
4959 0.00319295
4960 0.00324034
4961 0.00331394
4962 0.00336303
4963 0.00312565
4964 0.00322359
4965 0.00328566
4966 0.00332506
4967 0.00331844
4968 0.00305568
4969 0.00314767
4970 0.0031377
4971 0.00321124
4972 0.00306067
4973 0.00307646
4974 0.00313584
4975 0.00303365
4976 0.00319997
4977 0.0029965
4978 0.0031143
4979 0.00299366
4980 0.00309357
4981 0.00296248
4982 0.00301927
4983 0.00295984
4984 0.00298179
4985 0.00298567
4986 0.00308247
4987 0.00297519
4988 0.0029354
4989 0.00291233
4990 0.00301263
4991 0.00291171
4992 0.0029849
4993 0.00294137
4994 0.0029701
4995 0.00306133
4996 0.00307054
4997 0.00301309
4998 0.00285736
4999 0.00284611
5000 0.0028429
5001 0.00283757
5002 0.0028873
5003 0.00290487
5004 0.00281004
5005 0.00291704
5006 0.00295543
5007 0.00282099
5008 0.00284047
5009 0.0027943
5010 0.00288738
5011 0.00294696
5012 0.00279357
5013 0.00275716
5014 0.0027756
5015 0.00286136
5016 0.00273896
5017 0.0028026
5018 0.00281428
5019 0.00282337
5020 0.00285449
5021 0.00285678
5022 0.00271521
5023 0.00274223
5024 0.00276093
5025 0.00272046
5026 0.00273769
5027 0.00277167
5028 0.00279112
5029 0.00278133
5030 0.00267518
5031 0.00265801
5032 0.00267653
5033 0.002714
5034 0.00262997
5035 0.00264931
5036 0.00263296
5037 0.00268108
5038 0.00275227
5039 0.00260136
5040 0.00270393
5041 0.00259015
5042 0.00264093
5043 0.00258216
5044 0.00268546
5045 0.00257072
5046 0.00257906
5047 0.00267542
5048 0.0026819
5049 0.00254737
5050 0.00261502
5051 0.00254543
5052 0.00253982
5053 0.00253485
5054 0.00260544
5055 0.00253056
5056 0.00251736
5057 0.00258442
5058 0.00251657
5059 0.00257811
5060 0.00248937
5061 0.00253401
5062 0.00249431
5063 0.00253754
5064 0.00248641
5065 0.00249456
5066 0.00250775
5067 0.00245387
5068 0.00244916
5069 0.00244797
5070 0.00249476
5071 0.00245276
5072 0.00248388
5073 0.00242963
5074 0.00245829
5075 0.00245643
5076 0.00251992
5077 0.0024042
5078 0.00248195
5079 0.00240576
5080 0.00243973
5081 0.002423
5082 0.00238162
5083 0.00239682
5084 0.00242079
5085 0.00238572
5086 0.00241661
5087 0.00239447
5088 0.0024544
5089 0.00245393
5090 0.00244024
5091 0.00234198
5092 0.00238963
5093 0.00232981
5094 0.00238305
5095 0.00232433
5096 0.00235981
5097 0.00231448
5098 0.00236458
5099 0.00231672
5100 0.00235902
5101 0.0023001
5102 0.00229886
5103 0.00232016
5104 0.00232334
5105 0.00227751
5106 0.00229753
5107 0.0022703
5108 0.0023192
5109 0.00227915
5110 0.0023183
5111 0.00227999
5112 0.00226507
5113 0.00228183
5114 0.00223877
5115 0.00225067
5116 0.00223317
5117 0.0022613
5118 0.0022314
5119 0.00226955
5120 0.00222005
5121 0.00224223
5122 0.00221916
5123 0.0022318
5124 0.00226686
5125 0.00222271
5126 0.00221155
5127 0.00224354
5128 0.00218663
5129 0.00218439
5130 0.00220171
5131 0.00218259
5132 0.00220471
5133 0.00219822
5134 0.00218246
5135 0.00216319
5136 0.00214795
5137 0.00217791
5138 0.00220135
5139 0.00214333
5140 0.00214119
5141 0.00215557
5142 0.00213731
5143 0.00215923
5144 0.00211639
5145 0.00215368
5146 0.00218587
5147 0.00210445
5148 0.00214446
5149 0.00210002
5150 0.00211808
5151 0.00211491
5152 0.00209269
5153 0.00208696
5154 0.00210791
5155 0.00209445
5156 0.00211902
5157 0.00213419
5158 0.00208854
5159 0.00206737
5160 0.00208353
5161 0.00211975
5162 0.00207337
5163 0.00204519
5164 0.00207222
5165 0.00204865
5166 0.00205979
5167 0.00209654
5168 0.00209323
5169 0.00202679
5170 0.00203666
5171 0.00204018
5172 0.00201918
5173 0.00203945
5174 0.00203231
5175 0.00202041
5176 0.00200475
5177 0.00204656
5178 0.00199451
5179 0.00202876
5180 0.00199269
5181 0.00198449
5182 0.00200606
5183 0.00199173
5184 0.00198152
5185 0.00197393
5186 0.00196883
5187 0.00196517
5188 0.001961
5189 0.00195667
5190 0.0019805
5191 0.00195749
5192 0.00198811
5193 0.00194748
5194 0.00196335
5195 0.00197811
5196 0.00193393
5197 0.00192967
5198 0.00195332
5199 0.00192285
5200 0.00195064
5201 0.00192329
5202 0.00193151
5203 0.00191568
5204 0.001934
5205 0.00190848
5206 0.00190618
5207 0.00192145
5208 0.0019431
5209 0.00189276
5210 0.00189169
5211 0.00190556
5212 0.00189482
5213 0.00188768
5214 0.00188129
5215 0.00189473
5216 0.00186993
5217 0.00188014
5218 0.00188683
5219 0.00187989
5220 0.00190111
5221 0.00185523
5222 0.00187416
5223 0.0018507
5224 0.00185597
5225 0.00185631
5226 0.0018397
5227 0.00185342
5228 0.00185307
5229 0.00183186
5230 0.00185424
5231 0.00186237
5232 0.00182336
5233 0.00182014
5234 0.0018442
5235 0.00181502
5236 0.00182008
5237 0.00182217
5238 0.00180442
5239 0.00182509
5240 0.00183314
5241 0.00179878
5242 0.00180328
5243 0.00179018
5244 0.00179473
5245 0.00180807
5246 0.00178162
5247 0.00179577
5248 0.00181331
5249 0.00177369
5250 0.00177174
5251 0.00178581
5252 0.00176503
5253 0.00176324
5254 0.00178211
5255 0.00179557
5256 0.00179988
5257 0.00175199
5258 0.00174809
5259 0.00175276
5260 0.00175469
5261 0.00175542
5262 0.00174497
5263 0.0017615
5264 0.0017395
5265 0.00175911
5266 0.00173828
5267 0.00176053
5268 0.0017333
5269 0.00174994
5270 0.00175345
5271 0.00171537
5272 0.00171205
5273 0.00172399
5274 0.00171346
5275 0.00170286
5276 0.00170251
5277 0.00169781
5278 0.00171906
5279 0.00172345
5280 0.00173425
5281 0.00170287
5282 0.00168928
5283 0.00168404
5284 0.00169801
5285 0.00168079
5286 0.00167948
5287 0.00168781
5288 0.00167205
5289 0.00166988
5290 0.00167367
5291 0.00166321
5292 0.00166858
5293 0.00166992
5294 0.00165553
5295 0.00165825
5296 0.00166321
5297 0.00165356
5298 0.00165065
5299 0.00166424
5300 0.00164871
5301 0.00166711
5302 0.00167513
5303 0.00164513
5304 0.00163061
5305 0.00163856
5306 0.00163636
5307 0.00165027
5308 0.0016285
5309 0.00162006
5310 0.00161845
5311 0.00161582
5312 0.00162372
5313 0.0016145
5314 0.00162252
5315 0.00162221
5316 0.00160656
5317 0.001625
5318 0.00160561
5319 0.00159529
5320 0.00160139
5321 0.00160768
5322 0.00159587
5323 0.00158976
5324 0.00158674
5325 0.00158989
5326 0.00158955
5327 0.00158087
5328 0.00158617
5329 0.00158681
5330 0.00159106
5331 0.00157392
5332 0.0015657
5333 0.00157279
5334 0.00156488
5335 0.00156633
5336 0.00157721
5337 0.00155467
5338 0.00155314
5339 0.00156043
5340 0.00154812
5341 0.00155507
5342 0.0015611
5343 0.00156287
5344 0.00154435
5345 0.0015408
5346 0.00153496
5347 0.00153852
5348 0.0015416
5349 0.00154534
5350 0.0015291
5351 0.00154446
5352 0.00154543
5353 0.00152023
5354 0.00152663
5355 0.00151593
5356 0.00152066
5357 0.00152117
5358 0.00150964
5359 0.00152076
5360 0.00150582
5361 0.00150942
5362 0.00150129
5363 0.00150052
5364 0.00150451
5365 0.00150932
5366 0.00151105
5367 0.00149481
5368 0.00149808
5369 0.00148909
5370 0.00149059
5371 0.00148276
5372 0.00148122
5373 0.00147921
5374 0.00148339
5375 0.00148841
5376 0.00148446
5377 0.00147473
5378 0.00147967
5379 0.00146683
5380 0.0014702
5381 0.00146651
5382 0.00146246
5383 0.00146908
5384 0.00146055
5385 0.00145755
5386 0.00145283
5387 0.00145415
5388 0.00145136
5389 0.00144962
5390 0.00144988
5391 0.00145998
5392 0.00146129
5393 0.00145006
5394 0.00144519
5395 0.00144229
5396 0.00144799
5397 0.00143158
5398 0.00143893
5399 0.00142908
5400 0.00143281
5401 0.00142691
5402 0.00142313
5403 0.00142923
5404 0.00142329
5405 0.00142973
5406 0.00141494
5407 0.00142086
5408 0.00143115
5409 0.0014093
5410 0.00140814
5411 0.00141371
5412 0.00140377
5413 0.00140543
5414 0.0014
5415 0.00140294
5416 0.00139993
5417 0.00140744
5418 0.00139282
5419 0.00139865
5420 0.00139042
5421 0.00139265
5422 0.00138748
5423 0.00138605
5424 0.00138582
5425 0.00138017
5426 0.00138522
5427 0.00138998
5428 0.00137528
5429 0.00137374
5430 0.001374
5431 0.00137028
5432 0.00136815
5433 0.00137156
5434 0.00137672
5435 0.0013627
5436 0.00136147
5437 0.00136539
5438 0.00136805
5439 0.00135887
5440 0.00136682
5441 0.00136064
5442 0.00136558
5443 0.00135547
5444 0.00135125
5445 0.00134822
5446 0.00135753
5447 0.00134251
5448 0.00134584
5449 0.00135159
5450 0.00133723
5451 0.0013381
5452 0.00133724
5453 0.00134238
5454 0.00134715
5455 0.00132867
5456 0.00133272
5457 0.00133077
5458 0.00133625
5459 0.00133014
5460 0.00132063
5461 0.00132054
5462 0.00132029
5463 0.00132739
5464 0.00132961
5465 0.00131336
5466 0.00131142
5467 0.00131531
5468 0.0013089
5469 0.00130758
5470 0.00130494
5471 0.00130899
5472 0.00130091
5473 0.0013009
5474 0.00130094
5475 0.00129707
5476 0.00129824
5477 0.00130623
5478 0.00131046
5479 0.00130883
5480 0.00129118
5481 0.00128818
5482 0.00129204
5483 0.00128531
5484 0.00128196
5485 0.00128157
5486 0.00128771
5487 0.001281
5488 0.00127686
5489 0.00127814
5490 0.00128561
5491 0.00127116
5492 0.00127385
5493 0.00126961
5494 0.00126856
5495 0.00126629
5496 0.00126952
5497 0.00126821
5498 0.00127055
5499 0.00127067
5500 0.00125872
5501 0.00125596
5502 0.00126128
5503 0.00125318
5504 0.00125313
5505 0.00126023
5506 0.00124902
5507 0.00124914
5508 0.0012507
5509 0.00125266
5510 0.00124309
5511 0.00124475
5512 0.00124184
5513 0.00124044
5514 0.00123904
5515 0.00123668
5516 0.00123852
5517 0.00123247
5518 0.00123128
5519 0.00123045
5520 0.00123088
5521 0.00122662
5522 0.0012304
5523 0.00123398
5524 0.00122229
5525 0.00122278
5526 0.00122514
5527 0.00122039
5528 0.00122295
5529 0.00121634
5530 0.00121376
5531 0.00121523
5532 0.00121188
5533 0.00121363
5534 0.00121041
5535 0.00121653
5536 0.00120546
5537 0.00120463
5538 0.00120718
5539 0.00120776
5540 0.00120058
5541 0.00120471
5542 0.00119701
5543 0.0011977
5544 0.00119428
5545 0.00119679
5546 0.0012025
5547 0.0012045
5548 0.00119563
5549 0.00119802
5550 0.00118633
5551 0.0011885
5552 0.00118431
5553 0.00118491
5554 0.00118743
5555 0.00118062
5556 0.00117939
5557 0.00117701
5558 0.00118168
5559 0.00117753
5560 0.00118085
5561 0.0011716
5562 0.00117188
5563 0.00117091
5564 0.0011754
5565 0.00116623
5566 0.00116669
5567 0.00116351
5568 0.00116306
5569 0.00116734
5570 0.00116025
5571 0.00115994
5572 0.00116037
5573 0.00116178
5574 0.00115479
5575 0.00115533
5576 0.00115883
5577 0.00115119
5578 0.00114929
5579 0.00115074
5580 0.00114702
5581 0.00114772
5582 0.00114497
5583 0.00114602
5584 0.00114924
5585 0.00115068
5586 0.00114382
5587 0.00114184
5588 0.00114457
5589 0.00114496
5590 0.00114738
5591 0.0011329
5592 0.0011335
5593 0.00113517
5594 0.00113609
5595 0.00113478
5596 0.00112711
5597 0.00112598
5598 0.00112424
5599 0.00112299
5600 0.00112481
5601 0.0011207
5602 0.00111964
5603 0.00111816
5604 0.00111943
5605 0.0011192
5606 0.00112085
5607 0.0011214
5608 0.00112113
5609 0.00111088
5610 0.00110976
5611 0.00110843
5612 0.00110818
5613 0.00110696
5614 0.00110483
5615 0.00110581
5616 0.00110769
5617 0.00110421
5618 0.00110063
5619 0.00109885
5620 0.00109779
5621 0.00109702
5622 0.00109892
5623 0.001095
5624 0.00109726
5625 0.00109205
5626 0.00109127
5627 0.0010897
5628 0.00108907
5629 0.00108986
5630 0.00108945
5631 0.0010905
5632 0.00108383
5633 0.00108479
5634 0.00108191
5635 0.00108323
5636 0.00108058
5637 0.00107892
5638 0.00108205
5639 0.00108517
5640 0.00107465
5641 0.00107354
5642 0.00107265
5643 0.00107298
5644 0.00107415
5645 0.00106926
5646 0.0010692
5647 0.00106676
5648 0.00106836
5649 0.00106448
5650 0.00106592
5651 0.00106432
5652 0.00106304
5653 0.00106016
5654 0.00106136
5655 0.00106237
5656 0.00106265
5657 0.00105848
5658 0.00105556
5659 0.00105634
5660 0.00105645
5661 0.00105156
5662 0.0010529
5663 0.0010539
5664 0.00105319
5665 0.0010471
5666 0.00104636
5667 0.0010465
5668 0.00104451
5669 0.00104424
5670 0.00104159
5671 0.00104179
5672 0.00104097
5673 0.00103839
5674 0.00103898
5675 0.00103736
5676 0.00103592
5677 0.00103406
5678 0.00103316
5679 0.00103209
5680 0.00103137
5681 0.00103342
5682 0.00103451
5683 0.00102782
5684 0.00102879
5685 0.00102802
5686 0.00103057
5687 0.00103142
5688 0.00102611
5689 0.00102166
5690 0.00102267
5691 0.00102352
5692 0.00101897
5693 0.00101933
5694 0.00102184
5695 0.00102264
5696 0.00101914
5697 0.00101379
5698 0.0010126
5699 0.00101382
5700 0.00101118
5701 0.00101061
5702 0.00100846
5703 0.00100803
5704 0.00100815
5705 0.00100587
5706 0.00100457
5707 0.0010058
5708 0.00100255
5709 0.00100433
5710 0.00100022
5711 0.000999332
